3476350.953610849	4169964.9923779834
3476353.04697834	4169948.4628354954
3476355.1403175644	4169931.933286317
3476357.2336285207	4169915.4037304474
3476359.326911212	4169898.874167886
3476361.420165637	4169882.344598632
3476363.513391797	4169865.8150226898
3476365.606589686	4169849.285440055
3476367.699759314	4169832.75585073
3476369.7933422653	4169816.226350378
3476371.8899470423	4169799.697504069
3476373.986523566	4169783.1686510635
3476376.0830718377	4169766.639791361
3476378.1795918546	4169750.1109249624
3476380.27608362	4169733.5820518653
3476382.3725471315	4169717.0531720743
3476384.468982391	4169700.524285586
3476386.5653893943	4169683.995392399
3476388.661768147	4169667.4664925174
3476390.7581186485	4169650.937585939
3476392.8544408954	4169634.408672665
3476394.950734887	4169617.8797526946
3476397.0470006284	4169601.350826028
3476399.143238117	4169584.8218926643
3476401.23944735	4169568.292952606
3476403.335628332	4169551.764005851
3476405.43178106	4169535.2350524007
3476407.5279055354	4169518.7060922547
3476409.6240017577	4169502.177125414
3476411.7200697265	4169485.648151877
3476413.8161094426	4169469.1191716446
3476415.9121209052	4169452.5901847156
3476418.0081041157	4169436.061191093
3476420.1040590713	4169419.532190775
3476422.1999857742	4169403.003183762
3476424.295884226	4169386.4741700543
3476426.391754424	4169369.9451496503
3476428.487596366	4169353.416122553
3476430.5834100586	4169336.887088758
3476432.6791954963	4169320.3580482714
3476434.774952681	4169303.8290010886
3476436.8706816123	4169287.299947213
3476438.966382291	4169270.7708866415
3476441.062054716	4169254.241819376
3476443.157698888	4169237.712745416
3476445.253314808	4169221.183664761
3476447.3489024737	4169204.6545774136
3476449.444461886	4169188.125483371
3476451.539993047	4169171.596382635
3476453.635495951	4169155.0672752047
3476455.730970604	4169138.53816108
3476457.826417006	4169122.009040263
3476459.921835152	4169105.4799127523
3476462.017225044	4169088.9507785467
3476464.1125866855	4169072.421637649
3476466.2079200726	4169055.8924900573
3476468.303225206	4169039.363335772
3476470.3985020863	4169022.8341747937
3476472.493750714	4169006.305007122
3476474.588971088	4168989.775832758
3476476.684163209	4168973.2466517007
3476478.7793270764	4168956.717463949
3476480.8744626907	4168940.188269508
3476482.9695700514	4168923.659068372
3476485.06464916	4168907.1298605427
3476487.1597000137	4168890.6006460213
3476489.254722615	4168874.0714248065
3476336.5180441197	4169946.3684886405
3476338.6113782376	4169929.838960569
3476340.7046840917	4169913.309425805
3476342.7979616793	4169896.779884349
3476344.891211	4169880.2503362033
3476346.984432054	4169863.720781366
3476349.077624844	4169847.1912198393
3476351.170789367	4169830.6616516206
3476353.264367206	4169814.1321723703
3476355.3609668007	4169797.603347146
3476357.4575381423	4169781.0745152244
3476359.554081232	4169764.5456766067
3476361.650596069	4169748.016831292
3476363.747082653	4169731.4879792794
3476365.8435409833	4169714.959120572
3476367.9399710633	4169698.4302551677
3476370.0363728874	4169681.901383066
3476372.132746462	4169665.372504269
3476374.2290917803	4169648.843618776
3476376.325408849	4169632.314726587
3476378.421697661	4169615.7858277
3476380.5179582243	4169599.256922119
3476382.6141905314	4169582.72800984
3476384.7103945883	4169566.199090867
3476386.80657039	4169549.670165197
3476388.9027179414	4169533.1412328323
3476390.998837238	4169516.612293772
3476393.0949282823	4169500.083348015
3476395.1909910734	4169483.554395564
3476397.287025613	4169467.025436417
3476399.3830318977	4169450.496470574
3476401.47900993	4169433.9674980375
3476403.57495971	4169417.4385188045
3476405.6708812374	4169400.909532876
3476407.766774511	4169384.380540253
3476409.8626395334	4169367.851540937
3476411.9584763013	4169351.3225349234
3476414.0542848166	4169334.793522218
3476416.1500650784	4169318.2645028154
3476418.245817089	4169301.735476719
3476420.3415408432	4169285.2064439286
3476422.4372363486	4169268.677404444
3476424.532903598	4169252.1483582635
3476426.6285425974	4169235.6193053904
3476428.7241533413	4169219.0902458234
3476430.819735834	4169202.561179561
3476432.9152900716	4169186.0321066063
3476435.010816057	4169169.5030269558
3476437.1063137893	4169152.973940613
3476439.201783269	4169136.4448475763
3476441.297224496	4169119.915747845
3476443.3926374703	4169103.386641419
3476445.488022191	4169086.857528303
3476447.58337866	4169070.3284084923
3476449.678706874	4169053.799281987
3476451.774006837	4169037.270148789
3476453.869278545	4169020.7410088982
3476455.964522002	4169004.211862314
3476458.0597372027	4168987.6827090373
3476460.1549241534	4168971.153549067
3476462.2500828495	4168954.6243824037
3476464.345213293	4168938.0952090486
3476466.440315484	4168921.5660289996
3476468.5353894215	4168905.0368422586
3476470.6304351063	4168888.507648825
3476472.725452538	4168871.978448699
3476474.820441715	4168855.4492418813
3476319.9891283205	4169944.2741465867
3476322.0824573333	4169927.7446396193
3476324.1757580843	4169911.215125962
3476326.2690305677	4169894.6856056135
3476328.362274785	4169878.1560785733
3476330.455490736	4169861.626544844
3476332.548678423	4169845.0970044234
3476334.641837841	4169828.56745731
3476336.7354105664	4169812.0379991643
3476338.8320049806	4169795.5091950228
3476340.9285711413	4169778.9803841864
3476343.025109049	4169762.4515666515
3476345.121618705	4169745.9227424217
3476347.2181001077	4169729.3939114953
3476349.3145532594	4169712.8650738713
3476351.410978157	4169696.3362295507
3476353.507374803	4169679.8073785338
3476355.6037431937	4169663.278520821
3476357.7000833354	4169646.749656412
3476359.796395223	4169630.220785307
3476361.8926788582	4169613.6919075064
3476363.988934241	4169597.163023009
3476366.0851613707	4169580.634131816
3476368.181360247	4169564.1052339277
3476370.277530871	4169547.576329343
3476372.3736732425	4169531.0474180635
3476374.4697873625	4169514.5185000864
3476376.56587323	4169497.9895754172
3476378.6619308437	4169481.46064405
3476380.757960205	4169464.9317059885
3476382.853961312	4169448.402761232
3476384.9499341687	4169431.873809779
3476387.045878771	4169415.344851632
3476389.1417951225	4169398.8158867895
3476391.2376832203	4169382.286915253
3476393.333543066	4169365.757937022
3476395.429374657	4169349.228952096
3476397.525177996	4169332.699960474
3476399.6209530844	4169316.1709621586
3476401.7166999183	4169299.64195715
3476403.812418499	4169283.1129454453
3476405.9081088277	4169266.583927044
3476408.003770905	4169250.054901953
3476410.099404727	4169233.525870165
3476412.195010297	4169216.996831683
3476414.2905876148	4169200.4677865067
3476416.386136681	4169183.9387346394
3476418.4816574934	4169167.409676075
3476420.577150052	4169150.8806108185
3476422.67261436	4169134.351538869
3476424.768050412	4169117.8224602244
3476426.863458213	4169101.293374888
3476428.9588377615	4169084.7642828557
3476431.0541890566	4169068.235184132
3476433.1495121005	4169051.7060787147
3476435.2448068904	4169035.176966605
3476437.340073427	4169018.647847799
3476439.4353117095	4169002.1187223033
3476441.530521743	4168985.589590113
3476443.625703521	4168969.0604512305
3476445.7208570475	4168952.531305654
3476447.815982321	4168936.0021533873
3476449.9110793406	4168919.4729944263
3476452.0061481073	4168902.943828773
3476454.1011886215	4168886.414656426
3476456.196200882	4168869.88547739
3476458.291184892	4168853.35629166
3476303.460230945	4169942.1798093384
3476305.5535548558	4169925.650323477
3476307.6468505003	4169909.120830926
3476309.7401178787	4169892.591331683
3476311.833356992	4169876.06182575
3476313.9265678404	4169859.5323131247
3476316.0197504214	4169843.00279381
3476318.112904738	4169826.4732678044
3476320.2064723508	4169809.943830761
3476322.3030615817	4169793.415047705
3476324.3996225614	4169776.8862579525
3476326.496155288	4169760.357461502
3476328.5926597654	4169743.8286583563
3476330.689135987	4169727.2998485123
3476332.7855839566	4169710.7710319725
3476334.8820036743	4169694.242208739
3476336.978395139	4169677.713378805
3476339.0747583522	4169661.184542177
3476341.1710933144	4169644.655698853
3476343.2674000217	4169628.126848834
3476345.363678478	4169611.5979921166
3476347.4599286816	4169595.0691287047
3476349.556150632	4169578.5402585957
3476351.6523443316	4169562.011381792
3476353.748509777	4169545.4824982933
3476355.8446469707	4169528.9536080994
3476357.9407559116	4169512.4247112074
3476360.0368366004	4169495.8958076206
3476362.132889037	4169479.366897342
3476364.228913221	4169462.837980364
3476366.3249091525	4169446.3090566928
3476368.42087683	4169429.780126326
3476370.516816257	4169413.2511892654
3476372.6127274297	4169396.7222455074
3476374.7086103526	4169380.193295058
3476376.8044650215	4169363.664337911
3476378.9002914373	4169347.135374071
3476380.996089601	4169330.6064035357
3476383.091859513	4169314.077426306
3476385.1876011724	4169297.5484423824
3476387.2833145787	4169281.0194517635
3476389.3789997324	4169264.4904544502
3476391.4746566326	4169247.9614504436
3476393.5702852816	4169231.432439742
3476395.665885679	4169214.9034223473
3476397.761457822	4169198.374398258
3476399.857001713	4169181.8453674754
3476401.9525173516	4169165.3163299994
3476404.0480047376	4169148.7872858285
3476406.143463871	4169132.258234966
3476408.2388947536	4169115.729177407
3476410.334297381	4169099.200113157
3476412.4296717565	4169082.6710422128
3476414.5250178794	4169066.1419645757
3476416.62033575	4169049.6128802444
3476418.715625368	4169033.0837892224
3476420.8108867337	4169016.5546915056
3476422.9061198453	4169000.0255870954
3476425.0013247062	4168983.496475994
3476427.096501313	4168966.967358197
3476429.191649669	4168950.4382337104
3476431.2867697706	4168933.9091025293
3476433.3818616206	4168917.3799646553
3476435.476925217	4168900.8508200906
3476437.5719605614	4168884.3216688316
3476439.6669676537	4168867.7925108806
3476441.7619464924	4168851.2633462395
3476286.93135199	4169940.085476891
3476289.0246707965	4169923.556012136
3476291.1179613373	4169907.0265406906
3476293.2112236116	4169890.497062553
3476295.304457623	4169873.967577728
3476297.3976633647	4169857.438086209
3476299.490840843	4169840.908588
3476301.583990056	4169824.3790831002
3476303.677552556	4169807.8496671617
3476305.7741366057	4169791.3209051886
3476307.8706924035	4169774.7921365206
3476309.967219951	4169758.263361155
3476312.0637192447	4169741.7345790924
3476314.1601902875	4169725.2057903344
3476316.2566330754	4169708.6769948774
3476318.353047614	4169692.148192726
3476320.4494339004	4169675.619383879
3476322.5457919333	4169659.090568335
3476324.642121714	4169642.561746096
3476326.7384232422	4169626.032917159
3476328.834696519	4169609.5040815277
3476330.930941543	4169592.975239201
3476333.027158316	4169576.4463901767
3476335.1233468363	4169559.917534459
3476337.2195071024	4169543.3886720436
3476339.315639119	4169526.859802934
3476341.4117428814	4169510.330927128
3476343.5078183925	4169493.8020446287
3476345.60386565	4169477.2731554317
3476347.699884657	4169460.744259542
3476349.7958754124	4169444.215356956
3476351.8918379145	4169427.6864476735
3476353.9877721644	4169411.157531698
3476356.0836781603	4169394.6286090254
3476358.1795559074	4169378.0996796605
3476360.275405399	4169361.570743601
3476362.37122664	4169345.0418008454
3476364.467019628	4169328.5128513966
3476366.5627843626	4169311.983895253
3476368.658520848	4169295.4549324154
3476370.754229079	4169278.925962883
3476372.8499090574	4169262.3969866554
3476374.9455607855	4169245.8680037344
3476377.041184258	4169229.3390141204
3476379.136779482	4169212.8100178116
3476381.2323464514	4169196.2810148085
3476383.3278851686	4169179.7520051124
3476385.4233956328	4169163.222988722
3476387.5188778467	4169146.6939656385
3476389.6143318065	4169130.1649358617
3476391.7097575134	4169113.6358993906
3476393.8051549704	4169097.1068562274
3476395.900524173	4169080.5778063703
3476397.995865124	4169064.0487498194
3476400.0911778216	4169047.5196865764
3476402.1864622687	4169030.9906166396
3476404.281718462	4169014.4615400094
3476406.3769464027	4168997.932456686
3476408.472146094	4168981.403366672
3476410.5673175287	4168964.874269964
3476412.662460712	4168948.3451665635
3476414.7575756446	4168931.816056471
3476416.852662324	4168915.2869396843
3476418.9477207516	4168898.7578162057
3476421.042750924	4168882.228686035
3476423.1377528473	4168865.6995491735
3476425.2327265153	4168849.170405618
3476270.402491459	4169937.9911492458
3476272.4958051606	4169921.4617055976
3476274.589090598	4169904.9322552574
3476276.682347767	4169888.4027982275
3476278.7755766734	4169871.873334506
3476280.868777313	4169855.3438640954
3476282.96194969	4169838.8143869927
3476285.0550937983	4169822.284903198
3476287.1486511854	4169805.7555083637
3476289.245230054	4169789.2267674743
3476291.3417806723	4169772.6980198887
3476293.438303036	4169756.169265608
3476295.53479715	4169739.6405046307
3476297.63126301	4169723.111736955
3476299.7277006195	4169706.582962585
3476301.824109977	4169690.054181517
3476303.9204910826	4169673.5253937533
3476306.016843937	4169656.9965992947
3476308.113168537	4169640.4677981385
3476310.2094648876	4169623.938990287
3476312.305732983	4169607.410175741
3476314.4019728308	4169590.8813544987
3476316.4981844225	4169574.3525265595
3476318.5943677644	4169557.823691925
3476320.690522853	4169541.2948505953
3476322.7866496905	4169524.7660025703
3476324.8827482755	4169508.237147851
3476326.978818609	4169491.708286435
3476329.0748606906	4169475.179418324
3476331.170874519	4169458.6505435184
3476333.2668600976	4169442.121662018
3476335.362817422	4169425.592773822
3476337.4587464947	4169409.0638789316
3476339.5546473153	4169392.534977345
3476341.650519885	4169376.0060690655
3476343.746364201	4169359.4771540905
3476345.842180266	4169342.9482324217
3476347.937968078	4169326.4193040575
3476350.033727639	4169309.8903689994
3476352.129458948	4169293.3614272485
3476354.2251620037	4169276.8324788013
3476356.3208368085	4169260.3035236597
3476358.41648336	4169243.774561828
3476360.51210166	4169227.2455932987
3476362.607691707	4169210.716618075
3476364.703253505	4169194.18763616
3476366.7987870486	4169177.658647549
3476368.8942923397	4169161.129652247
3476370.9897693796	4169144.600650249
3476373.0852181665	4169128.071641559
3476375.1806387026	4169111.542626174
3476377.2760309842	4169095.013604097
3476379.371395016	4169078.484575326
3476381.466730794	4169061.9555398626
3476383.5620383197	4169045.4264977067
3476385.657317594	4169028.8974488573
3476387.7525686165	4169012.368393314
3476389.847791386	4168995.839331079
3476391.942985904	4168979.3102621515
3476394.0381521694	4168962.78118653
3476396.133290182	4168946.2521042163
3476398.228399944	4168929.7230152106
3476400.3234814527	4168913.1939195124
3476402.41853471	4168896.664817122
3476404.513559713	4168880.1357080387
3476406.608556466	4168863.606592264
3476408.703524965	4168847.077469797
3476255.966957946	4169919.3674038635
3476258.060238278	4169902.8379746284
3476260.1534903464	4169886.308538704
3476262.246714147	4169869.779096089
3476264.339909683	4169853.249646782
3476266.4330769563	4169836.7201907868
3476268.5262159617	4169820.1907281
3476270.6197682363	4169803.661354368
3476272.716341924	4169787.1326345643
3476274.812887359	4169770.6039080606
3476276.909404544	4169754.0751748644
3476279.0058934754	4169737.54643497
3476281.1023541563	4169721.0176883796
3476283.198786586	4169704.488935093
3476285.2951907623	4169687.9601751096
3476287.391566687	4169671.431408431
3476289.487914363	4169654.9026350556
3476291.5842337837	4169638.3738549845
3476293.680524953	4169621.845068219
3476295.776787872	4169605.3162747566
3476297.8730225386	4169588.787474598
3476299.9692289527	4169572.2586677438
3476302.0654071155	4169555.729854195
3476304.1615570267	4169539.201033951
3476306.257678686	4169522.6722070104
3476308.3537720926	4169506.1433733753
3476310.4498372497	4169489.6145330435
3476312.5458741523	4169473.085686018
3476314.641882805	4169456.556832299
3476316.7378632035	4169440.0279718824
3476318.833815353	4169423.499104772
3476320.9297392485	4169406.970230966
3476323.0256348937	4169390.441350467
3476325.121502286	4169373.912463273
3476327.2173414268	4169357.3835693835
3476329.3131523156	4169340.8546687993
3476331.408934953	4169324.325761522
3476333.5046893377	4169307.7968475474
3476335.6004154724	4169291.267926883
3476337.696113353	4169274.7389995228
3476339.791782982	4169258.2100654673
3476341.8874243596	4169241.681124719
3476343.9830374853	4169225.152177277
3476346.078622359	4169208.62322314
3476348.1741789817	4169192.0942623117
3476350.269707351	4169175.5652947873
3476352.365207469	4169159.03632057
3476354.4606793355	4169142.5073396605
3476356.5561229503	4169125.9783520564
3476358.651538311	4169109.4493577583
3476360.7469254225	4169092.920356768
3476362.8422842803	4169076.3913490847
3476364.9376148866	4169059.8623347054
3476367.03291724	4169043.333313637
3476369.1281913435	4169026.8042858746
3476371.223437194	4169010.2752514193
3476373.318654793	4168993.74621027
3476375.4138441384	4168977.21716243
3476377.5090052322	4168960.6881078957
3476379.604138074	4168944.159046671
3476381.699242665	4168927.6299787527
3476383.794319003	4168911.1009041406
3476385.88936709	4168894.571822838
3476387.9843869247	4168878.0427348423
3476390.079378507	4168861.513640156
3476392.1743418355	4168844.984538777
3476394.269276916	4168828.4554307056
3476239.4381291536	4169917.2731069303
3476241.531404382	4169900.743698804
3476243.624651346	4169884.2142839856
3476245.7178700436	4169867.684862474
3476247.811060477	4169851.155434276
3476249.904222646	4169834.6259993864
3476251.9973565494	4169818.096557805
3476254.090903709	4169801.567205176
3476256.187472215	4169785.0385064553
3476258.28401247	4169768.509801036
3476260.380524473	4169751.9810889233
3476262.477008224	4169735.452370114
3476264.5734637254	4169718.923644609
3476266.6698909737	4169702.3949124054
3476268.7662899704	4169685.8661735067
3476270.8626607144	4169669.3374279113
3476272.95900321	4169652.8086756216
3476275.055317452	4169636.279916635
3476277.1516034426	4169619.7511509517
3476279.2478611814	4169603.2223785743
3476281.3440906685	4169586.6935995007
3476283.4402919053	4169570.164813733
3476285.53646489	4169553.636021267
3476287.632609623	4169537.1072221077
3476289.7287261044	4169520.5784162525
3476291.824814333	4169504.049603702
3476293.920874311	4169487.5207844563
3476296.0169060375	4169470.9919585153
3476298.112909512	4169454.4631258794
3476300.208884735	4169437.93428655
3476302.3048317055	4169421.4054405247
3476304.4007504256	4169404.876587806
3476306.4966408946	4169388.3477283907
3476308.592503111	4169371.8188622813
3476310.6883370755	4169355.289989478
3476312.784142788	4169338.7611099808
3476314.8799202493	4169322.2322237873
3476316.975669459	4169305.703330901
3476319.0713904165	4169289.17443132
3476321.1670831237	4169272.6455250457
3476323.2627475797	4169256.116612078
3476325.358383782	4169239.587692414
3476327.4539917335	4169223.0587660586
3476329.5495714336	4169206.529833009
3476331.645122882	4169190.0008932655
3476333.7406460773	4169173.471946828
3476335.836141023	4169156.942993697
3476337.931607715	4169140.4140338735
3476340.027046155	4169123.8850673554
3476342.122456346	4169107.356094145
3476344.2178382836	4169090.827114241
3476346.31319197	4169074.2981276438
3476348.4085174026	4169057.7691343543
3476350.5038145855	4169041.2401343714
3476352.5990835153	4169024.7111276947
3476354.6943241945	4169008.1821143255
3476356.789536621	4168991.653094264
3476358.8847207953	4168975.1240675114
3476360.97987672	4168958.595034064
3476363.075004392	4168942.0659939265
3476365.170103811	4168925.5369470953
3476367.2651749807	4168909.0078935702
3476369.3602178963	4168892.4788333555
3476371.4552325597	4168875.9497664487
3476373.550218973	4168859.4206928485
3476375.6451771343	4168842.8916125568
3476377.740107042	4168826.3625255744
