-71.33457862181484	44.059852652418584
-71.33397078082946	44.059579670705645
-71.3333678198288	44.05930790764069
-71.33276818839391	44.05903697857131
-71.33216362324353	44.05876484964261
-71.33156038771418	44.05849305569953
-71.33416056741068	44.06645776886817
-71.33355701536433	44.06618561027137
-71.33295959693154	44.06591453741045
-71.33235247189012	44.06564181077803
-71.33175272540723	44.065370376973675
-71.33114928869026	44.06509832079877
-71.33054258732909	44.06482571179246
-71.32994201284134	44.06455416783226
-71.32933780687804	44.064282000079
-71.32873525026353	44.06401011644674
-71.32812859398842	44.06373751998096
-71.32752500500628	44.06346544507985
-71.32692392193707	44.0631937907673
-71.32632009614423	44.06292164652923
-71.32571447448956	44.06264917185967
-71.32511190991055	44.062377201563294
-71.3245111583125	44.06210551670504
-71.32390763682567	44.061833321572095
-71.32330758387742	44.0615616903561
-71.32270498816945	44.06128958045881
