313930.1110004897	4880975.3625873
313927.3367589613	4880990.104055637
313924.5625325989	4881004.845525828
313921.7883214025	4881019.586997873
313919.0141253711	4881034.328471773
313916.2399445069	4881049.069947528
313913.4657788079	4881063.811425134
313910.6916282761	4881078.552904597
313907.91749291046	4881093.294385913
313905.14337271114	4881108.035869082
313902.3692676783	4881122.777354105
313899.59517781076	4881137.518840984
313896.8211031108	4881152.260329718
313894.0470435773	4881167.001820305
313891.27299921034	4881181.743312744
313888.49897001	4881196.484807041
313885.7249559744	4881211.226303189
313882.95095710736	4881225.967801192
313880.17697340716	4881240.709301049
313877.40300487384	4881255.45080276
313874.6290515074	4881270.192306324
313871.8551133068	4881284.933811744
313869.0811902741	4881299.675319018
313866.30728240847	4881314.416828144
313863.5333897099	4881329.158339126
313860.7595121785	4881343.899851961
313857.98564981215	4881358.641366649
313855.2118026151	4881373.382883194
313852.4379705853	4881388.124401593
313849.6641537228	4881402.865921844
313846.89035202767	4881417.607443948
313844.116565499	4881432.348967909
313841.3427941387	4881447.090493723
313838.56903794594	4881461.83202139
313835.7952969207	4881476.573550913
313833.0215710632	4881491.315082287
313830.24786037224	4881506.056615517
313827.47416485	4881520.7981506
313824.70048449456	4881535.5396875385
313821.9268193081	4881550.28122633
313819.15316928923	4881565.022766976
313816.3795344384	4881579.764309474
313813.6059147545	4881594.505853829
313810.83231023955	4881609.247400036
313808.0587208928	4881623.988948097
313805.2851467141	4881638.730498012
313802.5115877035	4881653.472049783
313799.7380438601	4881668.213603404
313796.9645151861	4881682.955158882
313794.19100168033	4881697.6967162145
313791.4175033419	4881712.438275399
313788.64402017294	4881727.179836438
313785.8705521714	4881741.921399332
313783.09709933936	4881756.662964078
313780.3236616759	4881771.404530679
313777.55023918103	4881786.1460991325
313774.77683185483	4881800.887669441
313772.0034396964	4881815.6292416025
313769.2300627077	4881830.37081562
313766.4567008877	4881845.11239149
313763.68335423665	4881859.853969214
313760.9100227535	4881874.595548791
313758.1367064393	4881889.3371302225
313755.36340529507	4881904.078713509
313752.59011931997	4881918.8202986475
313749.816848514	4881933.561885643
313747.04359287716	4881948.303474489
313744.2703524085	4881963.045065192
313741.49712711014	4881977.786657746
313738.723916981	4881992.528252154
313735.9507220213	4882007.269848416
313944.8523669422	4880978.137547897
313942.0781263368	4880992.879012209
313939.3039008952	4881007.620478378
313936.5296906213	4881022.361946397
313933.7554955113	4881037.103416274
313930.98131556925	4881051.844888003
313928.2071507911	4881066.586361585
313925.43300118094	4881081.327837024
313922.6588667359	4881096.069314315
313919.8847474569	4881110.810793461
313917.1106433451	4881125.552274461
313914.3365543975	4881140.293757314
313911.5624806181	4881155.035242022
313908.7884220029	4881169.776728584
313906.0143785563	4881184.518217
313903.24035027495	4881199.259707269
313900.4663371601	4881214.001199395
313897.69233921275	4881228.742693373
313894.9183564299	4881243.484189206
313892.14438881574	4881258.225686891
313889.3704363662	4881272.967186432
313886.59649908537	4881287.708687827
313883.8225769703	4881302.450191076
313881.048670022	4881317.191696179
313878.27477824053	4881331.933203134
313875.500901626	4881346.674711945
313872.7270401794	4881361.41622261
313869.95319389785	4881376.157735128
313867.1793627853	4881390.899249501
313864.4055468389	4881405.6407657275
313861.6317460596	4881420.382283808
313858.85796044755	4881435.123803743
313856.08419000264	4881449.865325531
313853.31043472514	4881464.606849175
313850.53669461596	4881479.34837467
313847.7629696732	4881494.089902021
313844.9892598979	4881508.831431226
313842.21556529007	4881523.572962285
313839.4418858499	4881538.3144951975
313836.66822157707	4881553.056029963
313833.89457247214	4881567.797566582
313831.12093853584	4881582.539105059
313828.34731976525	4881597.280645386
313825.57371616457	4881612.022187569
313822.8001277306	4881626.763731604
313820.0265544646	4881641.505277495
313817.2529963665	4881656.246825239
313814.47945343645	4881670.988374838
313811.70592567546	4881685.729926287
313808.9324130805	4881700.471479594
313806.1589156558	4881715.213034755
313803.38543339714	4881729.954591767
313800.6119663089	4881744.696150635
313797.83851438784	4881759.437711355
313795.06507763517	4881774.179273931
313792.2916560519	4881788.920838359
313789.51824963506	4881803.662404642
313786.7448583888	4881818.40397278
313783.97148230893	4881833.145542769
313781.19812139985	4881847.887114615
313778.4247756583	4881862.628688312
313775.6514450855	4881877.370263865
313772.8781296824	4881892.111841271
313770.10482944606	4881906.85342053
313767.33154438064	4881921.595001644
313764.558274482	4881936.336584612
313761.78501975455	4881951.0781694325
313759.01178019587	4881965.819756107
313756.2385558045	4881980.561344638
313753.465346584	4881995.302935021
313959.59373238403	4880980.91250811
313956.81949269946	4880995.653968398
313954.0452681824	4881010.395430541
313951.27105882904	4881025.136894539
313948.49686464225	4881039.878360389
313945.7226856201	4881054.619828094
313942.9485217658	4881069.361297653
313940.17437307525	4881084.102769066
313937.4002395505	4881098.844242332
313934.6261211927	4881113.585717455
313931.85201799974	4881128.327194428
313929.0779299749	4881143.068673259
313926.30385711405	4881157.810153943
313923.5297994204	4881172.551636479
313920.7557568917	4881187.29312087
313917.9817295313	4881202.034607118
313915.20771733514	4881216.776095216
313912.4337203052	4881231.5175851695
313909.65973844274	4881246.259076977
313906.8857717455	4881261.000570639
313904.1118202169	4881275.742066155
313901.3378838526	4881290.483563525
313898.56396265596	4881305.225062748
313895.7900566249	4881319.966563826
313893.0161657604	4881334.70806676
313890.2422900647	4881349.449571544
313887.46842953365	4881364.191078184
313884.69458417036	4881378.932586677
313881.92075397307	4881393.674097026
313879.1469389446	4881408.415609228
313876.37313908106	4881423.157123283
313873.5993543854	4881437.898639192
313870.825584856	4881452.640156957
313868.0518304935	4881467.381676573
313865.2780913003	4881482.123198045
313862.50436727214	4881496.864721371
313859.7306584123	4881511.60624655
313856.9569647187	4881526.347773584
313854.1832861945	4881541.089302471
313851.4096228357	4881555.8308332125
313848.63597464527	4881570.572365807
313845.86234162137	4881585.3139002565
313843.088723765	4881600.055436559
313840.3151210783	4881614.796974717
313837.5415335571	4881629.538514727
313834.7679612047	4881644.280056592
313831.9944040189	4881659.021600311
313829.22086200304	4881673.763145883
313826.447335153	4881688.504693309
313823.6738234708	4881703.246242589
313820.90032695746	4881717.987793724
313818.12684561126	4881732.729346712
313815.353379435	4881747.470901553
313812.57992842485	4881762.212458249
313809.80649258394	4881776.954016798
313807.03307191003	4881791.695577202
313804.25966640655	4881806.437139459
313801.48627606925	4881821.17870357
313798.7129009003	4881835.920269534
313795.93954090076	4881850.661837353
313793.16619606863	4881865.403407026
313790.39286640706	4881880.144978552
313787.61955191183	4881894.886551933
313784.84625258634	4881909.628127167
313782.0729684285	4881924.369704255
313779.29969944037	4881939.111283196
313776.5264456209	4881953.852863993
313773.75320696924	4881968.594446642
313770.9799834874	4881983.3360311445
313768.2067751734	4881998.0776175
313971.56085805857	4880998.428924204
313968.78663446207	4881013.170382322
313966.0124260319	4881027.911842294
313963.23823276523	4881042.6533041205
313960.464054666	4881057.394767801
313957.68989173125	4881072.136233337
313954.91574396216	4881086.877700725
313952.1416113597	4881101.619169967
313949.3674939219	4881116.360641065
313946.59339165094	4881131.102114016
313943.8193045446	4881145.84358882
313941.04523260315	4881160.58506548
313938.2711758296	4881175.3265439905
313935.497134221	4881190.06802436
313932.7231077793	4881204.809506581
313929.94909650274	4881219.550990655
313927.1751003921	4881234.292476584
313924.4011194487	4881249.033964368
313921.62715367053	4881263.775454003
313918.8532030595	4881278.516945495
313916.0792676138	4881293.2584388405
313913.3053473334	4881307.999934039
313910.53144222137	4881322.741431093
313907.75755227485	4881337.482929999
313904.98367749574	4881352.22443076
313902.20981788216	4881366.965933375
313899.43597343523	4881381.707437844
313896.6621441558	4881396.448944166
313893.88833004225	4881411.190452344
313891.11453109625	4881425.931962375
313888.34074731503	4881440.673474259
313885.5669787028	4881455.414987997
313882.79322525626	4881470.15650359
313880.01948697673	4881484.898021037
313877.24576386524	4881499.639540338
313874.47205591976	4881514.381061492
313871.6983631423	4881529.1225844985
313868.92468553106	4881543.8641093625
313866.15102308587	4881558.605636078
313863.37737581	4881573.347164648
313860.6037437003	4881588.088695072
313857.83012675913	4881602.83022735
313855.0565249842	4881617.5717614805
313852.28293837665	4881632.313297466
313849.5093669377	4881647.054835306
313846.7358106652	4881661.796374998
313843.96226956125	4881676.537916546
313841.188743624	4881691.279459947
313838.4152328535	4881706.021005202
313835.6417372526	4881720.76255231
313832.8682568185	4881735.504101272
313830.0947915532	4881750.245652089
313827.32134145487	4881764.987204759
313824.5479065244	4881779.728759283
313821.77448676294	4881794.47031566
313819.0010821685	4881809.211873892
313816.2276927431	4881823.953433978
313813.4543184839	4881838.694995918
313810.68095939484	4881853.436559712
313807.907615473	4881868.178125357
313805.13428671943	4881882.919692857
313802.3609731352	4881897.661262213
313799.58767471835	4881912.402833421
313796.814391471	4881927.144406482
313794.04112339095	4881941.885981399
313791.26787047955	4881956.627558168
313788.49463273666	4881971.369136791
313785.7214101625	4881986.110717268
313782.948202758	4882000.8522996
313972.43126068776	4881074.911168637
313969.65711384104	4881089.652632001
313966.88298215764	4881104.394097219
313964.10886564176	4881119.135564292
313961.3347642894	4881133.877033219
313958.56067810464	4881148.618504
313955.7866070834	4881163.359976633
313953.0125512289	4881178.101451122
313950.23851054115	4881192.842927463
313947.4644850172	4881207.584405662
313944.69047466095	4881222.32588571
313941.9164794686	4881237.067367616
313939.14249944425	4881251.808851374
313936.3685345838	4881266.550336986
313933.5945848914	4881281.291824453
313930.82065036305	4881296.033313773
313928.04673100286	4881310.774804948
313925.2728268078	4881325.516297975
313922.498937779	4881340.2577928575
313919.7250639164	4881354.999289593
313916.9512052202	4881369.740788184
313914.1773616903	4881384.482288627
313911.40353332786	4881399.223790925
313908.62972012983	4881413.965295077
313905.85592209944	4881428.706801083
313903.0821392355	4881443.448308943
313900.30837153824	4881458.189818657
313897.5346190076	4881472.931330224
313894.7608816438	4881487.672843646
313891.9871594476	4881502.41435892
313889.21345241636	4881517.15587605
313886.4397605539	4881531.897395034
313883.66608385637	4881546.63891587
313880.8924223279	4881561.380438561
313878.1187759643	4881576.121963106
313875.3451447699	4881590.863489504
313872.5715287415	4881605.605017757
313869.79792788037	4881620.346547863
313867.0243421864	4881635.088079823
313864.2507716597	4881649.829613635
313861.4772163003	4881664.5711493045
313858.70367610734	4881679.312686825
313855.9301510838	4881694.054226202
313853.1566412257	4881708.795767431
313850.383146537	4881723.537310514
313847.60966701503	4881738.27885545
313844.8362026607	4881753.020402242
313842.0627534738	4881767.761950886
313839.28931945487	4881782.5035013845
313836.5159006036	4881797.245053737
313833.74249692116	4881811.986607944
313830.9691084046	4881826.728164003
313828.19573505793	4881841.469721918
313825.4223768772	4881856.211281684
313822.6490338665	4881870.952843305
313819.8757060219	4881885.6944067795
313817.1023933474	4881900.435972109
313814.3290958401	4881915.177539292
313811.55581349996	4881929.9191083275
313808.78254633007	4881944.6606792165
313806.00929432653	4881959.40225196
313803.23605749337	4881974.143826558
313800.4628358266	4881988.885403011
313797.68962933036	4882003.626981314
313973.3020506561	4881151.393418794
313970.5279805561	4881166.134887403
313967.7539256215	4881180.876357867
313964.97988585243	4881195.617830184
313962.20586124796	4881210.359304356
313959.4318518111	4881225.100780383
313956.65785753884	4881239.842258262
313953.8838784314	4881254.5837379955
313951.10991449165	4881269.325219584
313948.3359657156	4881284.066703024
313945.56203210657	4881298.80818832
313942.7881136633	4881313.549675469
313940.0142103862	4881328.291164474
313937.24032227497	4881343.032655331
313934.46644932975	4881357.774148042
313931.6925915497	4881372.515642608
313928.9187489379	4881387.257139025
313926.14492149116	4881401.998637298
313923.37110920984	4881416.740137427
313920.5973120957	4881431.481639406
313917.82353014796	4881446.223143242
313915.04976336664	4881460.96464893
313912.27601175173	4881475.706156472
313909.5022753023	4881490.447665868
313906.72855402157	4881505.189177119
313903.95484790625	4881519.930690222
313901.18115695677	4881534.67220518
313898.4074811759	4881549.413721992
313895.6338205608	4881564.155240658
313892.86017511156	4881578.896761177
313890.0865448301	4881593.638283552
313887.3129297156	4881608.379807779
313884.5393297681	4881623.121333859
313881.7657449875	4881637.862861794
313878.992175373	4881652.604391582
313876.2186209276	4881667.345923225
313873.4450816484	4881682.087456722
313870.6715575353	4881696.8289920725
313867.8980485916	4881711.570529276
313865.12455481413	4881726.312068332
313862.35107620305	4881741.0536092445
313859.57761276036	4881755.79515201
313856.8041644861	4881770.536696629
313854.03073137737	4881785.278243102
313851.2573134372	4881800.019791428
313848.4839106636	4881814.761341609
313845.7105230597	4881829.5028936425
313842.9371506225	4881844.24444753
313840.16379335197	4881858.986003271
313837.39045125037	4881873.7275608685
313834.61712431756	4881888.469120317
313831.84381255065	4881903.210681619
313829.0705159527	4881917.952244776
313826.2972345238	4881932.693809786
313823.52396826097	4881947.435376651
313820.75071716716	4881962.176945369
313817.9774812405	4881976.91851594
313815.2042604842	4881991.660088366
313976.947236469	4881213.134202669
313974.17322795035	4881227.8756746715
313971.399234597	4881242.617148527
313968.6252564093	4881257.358624236
313965.851293387	4881272.100101797
313963.07734552945	4881286.841581215
313960.3034128385	4881301.583062488
313957.52949531324	4881316.324545611
313954.75559295376	4881331.066030589
313951.98170576	4881345.807517421
313949.2078337321	4881360.549006108
313946.4339768702	4881375.290496648
313943.66013517417	4881390.031989043
313940.8863086441	4881404.77348329
313938.11249728024	4881419.514979392
313935.33870108024	4881434.256477348
313932.5649200485	4881448.997977158
313929.791154183	4881463.739478821
313927.01740348374	4881478.480982339
313924.24366795074	4881493.2224877095
313921.46994758403	4881507.963994935
313918.6962423838	4881522.705504014
313915.9225523501	4881537.4470149465
313913.14887748274	4881552.188527734
313910.375217782	4881566.930042374
313907.60157324676	4881581.671558866
313904.8279438793	4881596.413077216
313902.0543296784	4881611.154597417
313899.28073064436	4881625.896119474
313896.5071467771	4881640.637643383
313893.7335780767	4881655.3791691465
313890.9600245432	4881670.1206967635
313888.18648617656	4881684.862226236
313885.412962977	4881699.603757559
313882.6394549444	4881714.345290737
313879.865962078	4881729.086825769
313877.09248437965	4881743.828362657
313874.3190218486	4881758.569901396
313871.54557448474	4881773.311441989
313868.77214228816	4881788.052984436
313865.998725259	4881802.794528737
313863.22532339714	4881817.536074893
313860.4519367027	4881832.277622901
313857.67856517585	4881847.019172762
313854.9052088165	4881861.760724478
313852.1318676238	4881876.502278049
313849.3585415997	4881891.243833471
313846.5852307432	4881905.985390749
313843.8119350545	4881920.72694988
313841.03865453374	4881935.468510864
313838.2653891807	4881950.210073703
313835.49213899556	4881964.951638394
313832.71890397836	4881979.693204939
313829.94568412914	4881994.434773339
313977.81872433494	4881289.6164590195
313975.044792562	4881304.357936266
313972.2708759556	4881319.099415367
313969.4969745126	4881333.84089632
313966.7230882363	4881348.582379127
313963.94921712554	4881363.323863789
313961.17536118056	4881378.065350304
313958.4015204013	4881392.8068386745
313955.62769478775	4881407.548328897
313952.8538843391	4881422.289820974
313950.08008905826	4881437.031314905
313947.3063089425	4881451.772810689
313944.5325439916	4881466.514308329
313941.7587942077	4881481.255807821
313938.98505959107	4881495.997309166
313936.21134013945	4881510.738812366
313933.4376358531	4881525.48031742
313930.6639467349	4881540.2218243275
313927.89027278207	4881554.963333091
313925.1166139944	4881569.704843705
313922.3429703743	4881584.446356174
313919.5693419215	4881599.187870495
313916.7957286333	4881613.929386673
313914.0221305125	4881628.6709047025
313911.24854755844	4881643.412424587
313908.47497977095	4881658.153946325
313905.70142715017	4881672.895469915
313902.9278896961	4881687.636995362
313900.1543674078	4881702.378522662
313897.38086028834	4881717.120051814
313894.6073683348	4881731.861582821
313891.8338915482	4881746.6031156825
313889.0604299286	4881761.344650395
313886.28698347596	4881776.086186964
313883.5135521904	4881790.827725386
313880.7401360711	4881805.569265662
313877.96673512075	4881820.310807789
313875.19334933686	4881835.052351772
313872.41997871915	4881849.793897609
313869.6466232698	4881864.535445299
313866.8732829888	4881879.276994842
313864.0999578743	4881894.01854624
313861.32664792624	4881908.760099492
313858.55335314677	4881923.501654596
313855.7800735358	4881938.243211557
313853.0068090905	4881952.984770369
313850.2335598138	4881967.726331035
313847.460325705	4881982.467893554
313844.6871067639	4881997.209457926
315771.3754993527	4878986.670883592
315768.5990296933	4879001.411681807
315765.8225751709	4879016.1524818735
315763.04613578663	4879030.893283789
315760.2697115416	4879045.634087561
315757.4933024337	4879060.374893185
315754.71690846415	4879075.11570066
315751.9405296339	4879089.856509988
315749.16416594095	4879104.597321169
315746.38781738654	4879119.338134203
315743.61148397054	4879134.078949087
315740.8351656941	4879148.819765826
315738.0588625552	4879163.560584417
315735.2825745549	4879178.30140486
315732.50630169443	4879193.042227155
315729.7300439715	4879207.783051303
315726.95380138734	4879222.523877302
315724.17757394316	4879237.264705156
315721.4013616367	4879252.005534859
315718.62516446924	4879266.746366418
315715.8489824417	4879281.487199826
315713.0728155523	4879296.228035089
315710.2966638019	4879310.9688722035
315707.5205271916	4879325.70971117
315704.74440571945	4879340.450551989
315701.96829938656	4879355.191394662
315699.19220819394	4879369.932239184
315696.4161321396	4879384.673085561
315693.64007122477	4879399.413933788
315690.8640254502	4879414.154783872
315688.08799481415	4879428.895635803
315685.3119793177	4879443.636489589
315682.53597896174	4879458.377345229
315679.75999374443	4879473.118202717
315676.9840236668	4879487.859062061
315674.20806872984	4879502.599923256
315671.43212893174	4879517.340786302
315668.65620427334	4879532.0816512015
315665.8802947559	4879546.822517953
315663.1044003774	4879561.563386558
315660.32852113876	4879576.304257015
315657.5526570413	4879591.045129322
315654.7768080827	4879605.786003484
315652.00097426435	4879620.526879498
315649.2251555873	4879635.267757362
315646.44935204927	4879650.00863708
315643.6735636515	4879664.74951865
315640.8977903952	4879679.490402073
315638.1220322792	4879694.231287347
315635.3462893026	4879708.972174473
315632.5705614675	4879723.713063452
315629.7948487718	4879738.453954283
315627.01915121684	4879753.194846967
315624.2434688034	4879767.935741502
315621.4678015296	4879782.676637892
315618.69214939664	4879797.417536131
315615.9165124054	4879812.158436223
315613.14089055394	4879826.899338169
315610.36528384336	4879841.640241966
315607.5896922747	4879856.381147615
315604.81411584606	4879871.122055115
315602.0385545583	4879885.862964468
315599.26300841174	4879900.603875674
315596.4874774072	4879915.344788731
315593.71196154295	4879930.08570364
315590.93646081985	4879944.826620404
315588.160975239	4879959.567539017
315585.3855047985	4879974.308459485
315582.6100494993	4879989.049381802
315579.8346093426	4880003.790305972
315786.1166251071	4878989.446422812
315783.3401564008	4879004.187217005
315780.56370283134	4879018.928013049
315777.7872643997	4879033.668810947
315775.01084110717	4879048.409610696
315772.23443295166	4879063.150412299
315769.45803993515	4879077.891215755
315766.6816620558	4879092.632021063
315763.90529931453	4879107.372828221
315761.12895171356	4879122.113637234
315758.3526192488	4879136.854448098
315755.5763019223	4879151.595260815
315752.7999997353	4879166.336075384
315750.0237126856	4879181.076891806
315747.24744077446	4879195.817710081
315744.4711840028	4879210.558530206
315741.69494236866	4879225.299352184
315738.91871587315	4879240.040176017
315736.14250451734	4879254.781001701
315733.3663083002	4879269.521829236
315730.59012722084	4879284.262658627
315727.81396128127	4879299.003489866
315725.0378104795	4879313.744322959
315722.2616748168	4879328.485157904
315719.48555429396	4879343.2259947015
315716.70944890915	4879357.966833352
315713.93335866334	4879372.707673854
315711.15728355775	4879387.448516209
315708.3812235903	4879402.1893604165
315705.605178762	4879416.930206476
315702.829149075	4879431.671054387
315700.0531345253	4879446.411904152
315697.277135115	4879461.152755767
315694.5011508451	4879475.893609235
315691.7251817136	4879490.634464556
315688.94922772166	4879505.37532173
315686.1732888702	4879520.116180756
315683.3973651574	4879534.857041634
315680.6214565843	4879549.597904363
315677.84556315193	4879564.338768946
315675.06968485826	4879579.07963538
315672.2938217044	4879593.820503667
315669.5179736925	4879608.5613738075
315666.7421408184	4879623.302245798
315663.96632308525	4879638.04311964
315661.19052049116	4879652.783995337
315658.4147330371	4879667.524872886
315655.6389607242	4879682.265752285
315652.86320355034	4879697.006633536
315650.0874615168	4879711.747516642
315647.31173462456	4879726.488401599
315644.5360228715	4879741.2292884085
315641.76032625977	4879755.970177069
315638.98464478867	4879770.711067583
315636.2089784568	4879785.451959948
315633.43332726555	4879800.192854167
315630.65769121586	4879814.933750236
315627.88207030564	4879829.67464816
315625.1064645363	4879844.415547933
315622.33087390853	4879859.15644956
315619.55529842054	4879873.897353039
315616.77973807335	4879888.638258371
315614.00419286906	4879903.379165553
315611.22866280365	4879918.120074589
315608.45314787916	4879932.8609854765
315605.67764809675	4879947.601898216
315602.9021634544	4879962.342812807
315600.12669395306	4879977.083729251
315597.35123959393	4879991.824647548
315594.57580037497	4880006.565567694
315800.8577498479	4878992.221961648
315798.0812820947	4879006.96275182
315795.30482947896	4879021.703543843
315792.52839200106	4879036.44433772
315789.7519696598	4879051.185133451
315786.9755624564	4879065.925931032
315784.1991703919	4879080.666730464
315781.4227934652	4879095.40753175
315778.64643167553	4879110.14833489
315775.8700850249	4879124.889139881
315773.09375351225	4879139.6299467245
315770.31743713777	4879154.370755421
315767.5411358994	4879169.111565969
315764.7648498012	4879183.852378369
315761.98857884126	4879198.593192622
315759.21232301963	4879213.334008727
315756.4360823353	4879228.074826685
315753.65985679056	4879242.815646496
315750.88364638423	4879257.556468158
315748.1074511162	4879272.297291672
315745.3312709868	4879287.038117039
315742.5551059941	4879301.778944259
315739.77895614196	4879316.51977333
315737.0028214286	4879331.260604254
315734.2267018539	4879346.001437031
315731.4505974171	4879360.742271659
315728.67450812005	4879375.4831081405
315725.898433962	4879390.223946474
315723.12237494177	4879404.964786659
315720.34633106063	4879419.705628698
315717.5703023195	4879434.446472587
315714.79428871756	4879449.187318329
315712.01829025475	4879463.928165925
315709.24230693	4879478.669015371
315706.4663387456	4879493.40986667
315703.69038570044	4879508.150719821
315700.91444779374	4879522.891574826
315698.1385250274	4879537.632431681
315695.3626173995	4879552.373290389
315692.58672491205	4879567.11415095
315689.8108475642	4879581.855013363
315687.034985356	4879596.595877629
315684.2591382863	4879611.336743746
315681.48330635636	4879626.077611714
315678.7074895672	4879640.818481535
315675.93168791785	4879655.55935321
315673.1559014073	4879670.300226734
315670.3801300378	4879685.041102114
315667.604373808	4879699.781979345
315664.8286327184	4879714.522858428
315662.0529067678	4879729.263739362
315659.27719595726	4879744.004622148
315656.5015002878	4879758.745506788
315653.7258197586	4879773.486393279
315650.9501543697	4879788.227281624
315648.17450412	4879802.968171819
315645.3988690118	4879817.709063866
315642.6232490438	4879832.4499577675
315639.8476442164	4879847.190853518
315637.07205452747	4879861.931751123
315634.29647998104	4879876.672650579
315631.52092057525	4879891.413551888
315628.7453763101	4879906.154455049
315625.9698471846	4879920.895360063
315623.1943332009	4879935.636266928
315620.418834358	4879950.377175643
315617.6433506559	4879965.118086213
315614.86788209266	4879979.858998634
315612.09242867236	4879994.599912909
315609.3169903932	4880009.340829033
315818.3753555112	4878980.256715804
315815.59887357446	4878994.997500102
315812.82240677404	4879009.738286252
315810.04595511005	4879024.4790742565
315807.2695185846	4879039.219864111
315804.4930971976	4879053.960655821
315801.71669094625	4879068.70144938
315798.9402998336	4879083.442244792
315796.1639238596	4879098.18304206
315793.38756302133	4879112.9238411775
315790.6112173218	4879127.664642147
315787.8348867602	4879142.405444971
315785.05857133644	4879157.146249645
315782.2822710506	4879171.887056171
315779.50598590286	4879186.627864551
315776.72971589305	4879201.368674782
315773.9534610214	4879216.109486865
315771.17722128786	4879230.850300803
315768.40099669143	4879245.591116592
315765.6247872354	4879260.331934232
315762.8485929166	4879275.072753726
315760.0724137351	4879289.813575071
315757.29624969396	4879304.554398269
315754.5201007903	4879319.29522332
315751.74396702426	4879334.036050222
315748.96784839756	4879348.776878977
315746.1917449095	4879363.517709584
315743.4156565601	4879378.258542044
315740.6395833494	4879392.999376357
315737.8635252775	4879407.74021252
315735.0874823443	4879422.481050536
315732.31145455	4879437.221890405
315729.5354418935	4879451.962732124
315726.7594443781	4879466.703575699
315723.9834620005	4879481.444421124
315721.207494761	4879496.185268402
315718.43154266267	4879510.926117529
315715.6556057024	4879525.666968513
315712.87968388037	4879540.407821346
315710.1037771985	4879555.148676034
315707.32788565697	4879569.889532571
315704.55200925283	4879584.630390963
315701.776147989	4879599.371251207
315699.0003018656	4879614.112113302
315696.2244708797	4879628.85297725
315693.4486550344	4879643.593843049
315690.67285432864	4879658.3347107
315687.89706876257	4879673.075580205
315685.1212983361	4879687.816451561
315682.3455430494	4879702.55732477
315679.5698029025	4879717.29819983
315676.79407789535	4879732.039076742
315674.0183680282	4879746.779955506
315671.2426733	4879761.520836125
315668.4669937137	4879776.261718594
315665.6913292665	4879791.002602914
315662.91567995836	4879805.743489088
315660.14004579233	4879820.484377113
315657.3644267656	4879835.225266991
315654.58882287797	4879849.966158722
315651.81323413167	4879864.7070523035
315649.0376605267	4879879.447947737
315646.26210206014	4879894.1888450235
315643.486558735	4879908.929744163
315640.71103055135	4879923.670645152
315637.9355175062	4879938.411547995
315635.16001960274	4879953.15245269
315632.38453683874	4879967.893359237
315629.6090692176	4879982.634267636
315626.8336167361	4879997.375177886
315833.1164772697	4878983.032257895
315830.33999628585	4878997.773038172
315827.56353043823	4879012.513820303
315824.7870797288	4879027.254604284
315822.0106441546	4879041.995390121
315819.23422371875	4879056.736177807
315816.45781842136	4879071.476967346
315813.6814282604	4879086.2177587375
315810.9050532379	4879100.958551983
315808.1286933518	4879115.69934708
315805.3523486045	4879130.4401440285
315802.57601899374	4879145.18094283
315799.79970452155	4879159.921743482
315797.02340518625	4879174.662545988
315794.2471209896	4879189.403350348
315791.4708519289	4879204.1441565575
315788.694598007	4879218.884964621
315785.9183592241	4879233.625774536
315783.1421355781	4879248.366586303
315780.3659270712	4879263.107399923
315777.5897337013	4879277.848215394
315774.81355547067	4879292.58903272
315772.03739237704	4879307.3298518965
315769.26124442276	4879322.070672926
315766.4851116057	4879336.811495807
315763.70899392804	4879351.552320541
315760.93289138674	4879366.293147124
315758.1568039848	4879381.033975563
315755.38073172234	4879395.774805853
315752.6046745975	4879410.515637996
315749.82863261225	4879425.256471991
315747.0526057645	4879439.997307838
315744.2765940565	4879454.738145537
315741.5005974863	4879469.478985089
315738.7246160557	4879484.219826492
315735.948649763	4879498.960669748
315733.1726986103	4879513.701514856
315730.39676259435	4879528.442361816
315727.62084171956	4879543.183210629
315724.84493598266	4879557.924061294
315722.0690453849	4879572.66491381
315719.29316992726	4879587.405768179
315716.5173096078	4879602.146624399
315713.7414644285	4879616.887482474
315710.9656343875	4879631.628342398
315708.18981948687	4879646.3692041775
315705.4140197246	4879661.110067805
315702.63823510177	4879675.850933289
315699.86246561835	4879690.591800622
315697.08671127557	4879705.33266981
315694.31097207125	4879720.073540848
315691.5352480076	4879734.814413738
315688.75953908265	4879749.555288481
315685.9838452974	4879764.296165076
315683.20816665306	4879779.037043523
315680.4325031473	4879793.777923822
315677.6568547826	4879808.518805974
315674.88122155675	4879823.2596899755
315672.10560347093	4879838.000575832
315669.33000052505	4879852.74146354
315666.55441272026	4879867.482353101
315663.77884005464	4879882.223244511
315661.0032825302	4879896.964137775
315658.22774014494	4879911.705032891
315655.4522129011	4879926.445929859
315652.67670079635	4879941.1868286785
315649.9012038321	4879955.927729351
315647.1257220093	4879970.668631875
315644.3502553259	4879985.409536251
315641.5748037831	4880000.15044248
315847.85759801324	4878985.807799603
315845.0811179823	4879000.54857586
315842.3046530882	4879015.289353969
315839.52820333024	4879030.03013393
315836.7517687114	4879044.770915745
315833.9753492275	4879059.511699411
315831.1989448819	4879074.252484929
315828.4225556734	4879088.9932723
315825.6461816023	4879103.734061523
315822.8698226685	4879118.474852599
315820.0934788721	4879133.215645527
315817.31715021306	4879147.956440307
315814.5408366914	4879162.697236938
315811.7645383064	4879177.438035424
315808.9882550599	4879192.178835761
315806.2119869521	4879206.91963795
315803.43573397986	4879221.660441994
315800.65949614637	4879236.401247886
315797.8832734508	4879251.1420556335
315795.10706589284	4879265.882865231
315792.33087347285	4879280.623676682
315789.55469619075	4879295.364489985
315786.7785340466	4879310.105305141
315784.0023870405	4879324.8461221475
315781.22625517147	4879339.5869410075
315778.4501384415	4879354.32776172
315775.6740368508	4879369.068584284
315772.89795039623	4879383.8094087
315770.121879081	4879398.55023497
315767.345822904	4879413.29106309
315764.5697818655	4879428.031893062
315761.79375596537	4879442.772724887
315759.01774520264	4879457.513558566
315756.2417495805	4879472.254394096
315753.4657690958	4879486.995231477
315750.68980374886	4879501.73607071
315747.91385354154	4879516.476911796
315745.13791847404	4879531.2177547375
315742.36199854314	4879545.958599527
315739.58609375206	4879560.69944617
315736.8102040989	4879575.440294664
315734.0343295867	4879590.181145013
315731.25847021246	4879604.92199721
315728.48262597615	4879619.662851263
315725.7067968809	4879634.403707166
315722.93098292383	4879649.144564922
315720.1551841049	4879663.88542453
315717.3794004263	4879678.62628599
315714.6036318879	4879693.367149304
315711.8278784867	4879708.108014466
315709.052140226	4879722.848881483
315706.2764171036	4879737.589750351
315703.5007091228	4879752.330621072
315700.7250162804	4879767.071493644
315697.94933857664	4879781.81236807
315695.1736760145	4879796.553244347
315692.39802859095	4879811.294122476
315689.62239630625	4879826.035002456
315686.8467791622	4879840.77588429
315684.0711771579	4879855.516767975
315681.2955902936	4879870.257653513
315678.5200185692	4879884.998540902
315675.7444619837	4879899.7394301435
315672.96892054024	4879914.480321236
315670.1933942358	4879929.221214183
315667.41788307054	4879943.96210898
315664.6423870474	4879958.703005631
315661.8669061635	4879973.443904132
315659.09144041885	4879988.184804484
315656.3159898156	4880002.92570669
315862.59871774225	4878988.583340928
315859.8222386639	4879003.324113164
315857.04577472346	4879018.064887252
315854.26932591875	4879032.805663194
315851.4928922509	4879047.546440988
315848.71647372097	4879062.287220633
315845.940070327	4879077.028002131
315843.1636820711	4879091.76878548
315840.3873089511	4879106.5095706815
315837.6109509694	4879121.250357736
315834.8346081237	4879135.991146643
315832.05828041735	4879150.731937404
315829.2819678461	4879165.472730014
315826.5056704123	4879180.213524478
315823.72938811686	4879194.954320794
315820.9531209577	4879209.695118961
315818.1768689371	4879224.435918982
315815.400632053	4879239.176720854
315812.6244103074	4879253.917524578
315809.84820369846	4879268.6583301565
315807.07201222813	4879283.399137586
315804.2958358956	4879298.139946869
315801.51967469975	4879312.8807580015
315798.7435286427	4879327.621570988
315795.96739772253	4879342.362385826
315793.19128194125	4879357.103202516
315790.41518129705	4879371.8440210605
315787.6390957917	4879386.584841455
315784.8630254235	4879401.325663702
315782.08697019436	4879416.0664878
315779.31093010237	4879430.807313751
315776.5349051506	4879445.548141556
315773.75889533514	4879460.288971212
315770.9829006579	4879475.02980272
315768.20692112006	4879489.770636081
315765.4309567197	4879504.511471293
315762.65500745864	4879519.2523083575
315759.8790733352	4879533.9931472745
315757.10315435124	4879548.733988043
315754.327250505	4879563.474830664
315751.5513617983	4879578.215675138
315748.77548822935	4879592.956521463
315745.99962979916	4879607.69736964
315743.2237865097	4879622.438219669
315740.44795835717	4879637.17907155
315737.6721453446	4879651.9199252855
315734.89634746994	4879666.66078087
315732.12056473526	4879681.4016383095
315729.3447971386	4879696.142497599
315726.5690446821	4879710.88335874
315723.79330736375	4879725.624221736
315721.0175851857	4879740.3650865825
315718.2418781468	4879755.105953282
315715.4661862462	4879769.8468218325
315712.6905094859	4879784.587692235
315709.91484786413	4879799.328564489
315707.1392013827	4879814.069438596
315704.3635700398	4879828.810314554
315701.58795383753	4879843.551192365
315698.81235277373	4879858.292072028
315696.03676685074	4879873.032953544
315693.26119606633	4879887.77383691
315690.48564042174	4879902.514722129
315687.710099919	4879917.2556091985
315684.934574554	4879931.996498123
315682.1590643299	4879946.737388899
315679.3835692449	4879961.478281525
315676.6080893008	4879976.219176006
315673.8326244957	4879990.960072337
315671.05717483186	4880005.700970519
315880.11632971594	4878976.618115509
315877.3398364547	4878991.358881871
315874.5633583311	4879006.099650088
315871.786895343	4879020.840420154
315869.0104474914	4879035.581192073
315866.2340147776	4879050.321965846
315863.45759719936	4879065.0627414705
315860.681194759	4879079.803518947
315857.9048074543	4879094.544298277
315855.1284352866	4879109.285079457
315852.3520782568	4879124.025862492
315849.57573636173	4879138.766647377
315846.79940960486	4879153.507434116
315844.02309798595	4879168.248222706
315841.2468015031	4879182.989013148
315838.4705201575	4879197.729805443
315835.6942539501	4879212.470599589
315832.9180028789	4879227.21139559
315830.14176694595	4879241.95219344
315827.36554614943	4879256.692993144
315824.5893404903	4879271.433794701
315821.8131499696	4879286.174598108
315819.0369745854	4879300.915403369
315816.2608143387	4879315.65621048
315813.48466923065	4879330.397019445
315810.7085392582	4879345.137830261
315807.9324244245	4879359.878642932
315805.1563247295	4879374.619457453
315802.38024017133	4879389.360273827
315799.6041707521	4879404.101092052
315796.8281164696	4879418.84191213
315794.0520773251	4879433.58273406
315791.2760533196	4879448.323557842
315788.50004445115	4879463.064383475
315785.7240507208	4879477.805210961
315782.9480721296	4879492.546040301
315780.1721086756	4879507.286871491
315777.3961603609	4879522.027704534
315774.62022718345	4879536.76853943
315771.84430914326	4879551.509376177
315769.0684062436	4879566.250214775
315766.29251848126	4879580.991055227
315763.5166458575	4879595.73189753
315760.74078837316	4879610.472741687
315757.9649460266	4879625.213587694
315755.18911881855	4879639.954435554
315752.41330675024	4879654.695285264
315749.6375098197	4879669.43613683
315746.861728029	4879684.1769902455
315744.0859613761	4879698.917845514
315741.310209862	4879713.658702634
315738.534473488	4879728.399561605
315735.75875225186	4879743.140422431
315732.9830461537	4879757.881285107
315730.2073551967	4879772.622149634
315727.431679378	4879787.363016015
315724.65601869934	4879802.103884248
315721.88037315896	4879816.844754332
315719.10474275786	4879831.58562627
315716.32912749716	4879846.326500058
315713.55352737487	4879861.067375698
315710.7779423919	4879875.808253191
315708.00237254956	4879890.549132536
315705.22681784566	4879905.290013732
315702.4512782813	4879920.030896781
315699.67575385777	4879934.771781683
315696.9002445728	4879949.5126684345
315694.1247504286	4879964.2535570385
315691.34927142214	4879978.994447497
315688.57380755653	4879993.735339805
315685.7983588319	4880008.476233967
