315771.3754993527	4878986.670883592
315768.5990296933	4879001.411681807
315765.8225751709	4879016.1524818735
315763.04613578663	4879030.893283789
315760.2697115416	4879045.634087561
315757.4933024337	4879060.374893185
315754.71690846415	4879075.11570066
315751.9405296339	4879089.856509988
315749.16416594095	4879104.597321169
315746.38781738654	4879119.338134203
315743.61148397054	4879134.078949087
315740.8351656941	4879148.819765826
315738.0588625552	4879163.560584417
315735.2825745549	4879178.30140486
315732.50630169443	4879193.042227155
315729.7300439715	4879207.783051303
315726.95380138734	4879222.523877302
315724.17757394316	4879237.264705156
315721.4013616367	4879252.005534859
315718.62516446924	4879266.746366418
315715.8489824417	4879281.487199826
315713.0728155523	4879296.228035089
315710.2966638019	4879310.9688722035
315707.5205271916	4879325.70971117
315704.74440571945	4879340.450551989
315701.96829938656	4879355.191394662
315699.19220819394	4879369.932239184
315696.4161321396	4879384.673085561
315693.64007122477	4879399.413933788
315690.8640254502	4879414.154783872
315688.08799481415	4879428.895635803
315685.3119793177	4879443.636489589
315682.53597896174	4879458.377345229
315679.75999374443	4879473.118202717
315676.9840236668	4879487.859062061
315674.20806872984	4879502.599923256
315671.43212893174	4879517.340786302
315668.65620427334	4879532.0816512015
315665.8802947559	4879546.822517953
315663.1044003774	4879561.563386558
315660.32852113876	4879576.304257015
315657.5526570413	4879591.045129322
315654.7768080827	4879605.786003484
315652.00097426435	4879620.526879498
315649.2251555873	4879635.267757362
315646.44935204927	4879650.00863708
315643.6735636515	4879664.74951865
315640.8977903952	4879679.490402073
315638.1220322792	4879694.231287347
315635.3462893026	4879708.972174473
315632.5705614675	4879723.713063452
315629.7948487718	4879738.453954283
315627.01915121684	4879753.194846967
315624.2434688034	4879767.935741502
315621.4678015296	4879782.676637892
315618.69214939664	4879797.417536131
315615.9165124054	4879812.158436223
315613.14089055394	4879826.899338169
315610.36528384336	4879841.640241966
315607.5896922747	4879856.381147615
315604.81411584606	4879871.122055115
315602.0385545583	4879885.862964468
315599.26300841174	4879900.603875674
315596.4874774072	4879915.344788731
315593.71196154295	4879930.08570364
315590.93646081985	4879944.826620404
315588.160975239	4879959.567539017
315585.3855047985	4879974.308459485
315582.6100494993	4879989.049381802
315579.8346093426	4880003.790305972
315786.1166251071	4878989.446422812
315783.3401564008	4879004.187217005
315780.56370283134	4879018.928013049
315777.7872643997	4879033.668810947
315775.01084110717	4879048.409610696
315772.23443295166	4879063.150412299
315769.45803993515	4879077.891215755
315766.6816620558	4879092.632021063
315763.90529931453	4879107.372828221
315761.12895171356	4879122.113637234
315758.3526192488	4879136.854448098
315755.5763019223	4879151.595260815
315752.7999997353	4879166.336075384
315750.0237126856	4879181.076891806
315747.24744077446	4879195.817710081
315744.4711840028	4879210.558530206
315741.69494236866	4879225.299352184
315738.91871587315	4879240.040176017
315736.14250451734	4879254.781001701
315733.3663083002	4879269.521829236
315730.59012722084	4879284.262658627
315727.81396128127	4879299.003489866
315725.0378104795	4879313.744322959
315722.2616748168	4879328.485157904
315719.48555429396	4879343.2259947015
315716.70944890915	4879357.966833352
315713.93335866334	4879372.707673854
315711.15728355775	4879387.448516209
315708.3812235903	4879402.1893604165
315705.605178762	4879416.930206476
315702.829149075	4879431.671054387
315700.0531345253	4879446.411904152
315697.277135115	4879461.152755767
315694.5011508451	4879475.893609235
315691.7251817136	4879490.634464556
315688.94922772166	4879505.37532173
315686.1732888702	4879520.116180756
315683.3973651574	4879534.857041634
315680.6214565843	4879549.597904363
315677.84556315193	4879564.338768946
315675.06968485826	4879579.07963538
315672.2938217044	4879593.820503667
315669.5179736925	4879608.5613738075
315666.7421408184	4879623.302245798
315663.96632308525	4879638.04311964
315661.19052049116	4879652.783995337
315658.4147330371	4879667.524872886
315655.6389607242	4879682.265752285
315652.86320355034	4879697.006633536
315650.0874615168	4879711.747516642
315647.31173462456	4879726.488401599
315644.5360228715	4879741.2292884085
315641.76032625977	4879755.970177069
315638.98464478867	4879770.711067583
315636.2089784568	4879785.451959948
315633.43332726555	4879800.192854167
315630.65769121586	4879814.933750236
315627.88207030564	4879829.67464816
315625.1064645363	4879844.415547933
315622.33087390853	4879859.15644956
315619.55529842054	4879873.897353039
315616.77973807335	4879888.638258371
315614.00419286906	4879903.379165553
315611.22866280365	4879918.120074589
315608.45314787916	4879932.8609854765
315605.67764809675	4879947.601898216
315602.9021634544	4879962.342812807
315600.12669395306	4879977.083729251
315597.35123959393	4879991.824647548
315594.57580037497	4880006.565567694
315800.8577498479	4878992.221961648
315798.0812820947	4879006.96275182
315795.30482947896	4879021.703543843
315792.52839200106	4879036.44433772
315789.7519696598	4879051.185133451
315786.9755624564	4879065.925931032
315784.1991703919	4879080.666730464
315781.4227934652	4879095.40753175
315778.64643167553	4879110.14833489
315775.8700850249	4879124.889139881
315773.09375351225	4879139.6299467245
315770.31743713777	4879154.370755421
315767.5411358994	4879169.111565969
315764.7648498012	4879183.852378369
315761.98857884126	4879198.593192622
315759.21232301963	4879213.334008727
315756.4360823353	4879228.074826685
315753.65985679056	4879242.815646496
315750.88364638423	4879257.556468158
315748.1074511162	4879272.297291672
315745.3312709868	4879287.038117039
315742.5551059941	4879301.778944259
315739.77895614196	4879316.51977333
315737.0028214286	4879331.260604254
315734.2267018539	4879346.001437031
315731.4505974171	4879360.742271659
315728.67450812005	4879375.4831081405
315725.898433962	4879390.223946474
315723.12237494177	4879404.964786659
315720.34633106063	4879419.705628698
315717.5703023195	4879434.446472587
315714.79428871756	4879449.187318329
315712.01829025475	4879463.928165925
315709.24230693	4879478.669015371
315706.4663387456	4879493.40986667
315703.69038570044	4879508.150719821
315700.91444779374	4879522.891574826
315698.1385250274	4879537.632431681
315695.3626173995	4879552.373290389
315692.58672491205	4879567.11415095
315689.8108475642	4879581.855013363
315687.034985356	4879596.595877629
315684.2591382863	4879611.336743746
315681.48330635636	4879626.077611714
315678.7074895672	4879640.818481535
315675.93168791785	4879655.55935321
315673.1559014073	4879670.300226734
315670.3801300378	4879685.041102114
315667.604373808	4879699.781979345
315664.8286327184	4879714.522858428
315662.0529067678	4879729.263739362
315659.27719595726	4879744.004622148
315656.5015002878	4879758.745506788
315653.7258197586	4879773.486393279
315650.9501543697	4879788.227281624
315648.17450412	4879802.968171819
315645.3988690118	4879817.709063866
315642.6232490438	4879832.4499577675
315639.8476442164	4879847.190853518
315637.07205452747	4879861.931751123
315634.29647998104	4879876.672650579
315631.52092057525	4879891.413551888
315628.7453763101	4879906.154455049
315625.9698471846	4879920.895360063
315623.1943332009	4879935.636266928
315620.418834358	4879950.377175643
315617.6433506559	4879965.118086213
315614.86788209266	4879979.858998634
315612.09242867236	4879994.599912909
315609.3169903932	4880009.340829033
315818.3753555112	4878980.256715804
315815.59887357446	4878994.997500102
315812.82240677404	4879009.738286252
315810.04595511005	4879024.4790742565
315807.2695185846	4879039.219864111
315804.4930971976	4879053.960655821
315801.71669094625	4879068.70144938
315798.9402998336	4879083.442244792
315796.1639238596	4879098.18304206
315793.38756302133	4879112.9238411775
315790.6112173218	4879127.664642147
315787.8348867602	4879142.405444971
315785.05857133644	4879157.146249645
315782.2822710506	4879171.887056171
315779.50598590286	4879186.627864551
315776.72971589305	4879201.368674782
315773.9534610214	4879216.109486865
315771.17722128786	4879230.850300803
315768.40099669143	4879245.591116592
315765.6247872354	4879260.331934232
315762.8485929166	4879275.072753726
315760.0724137351	4879289.813575071
315757.29624969396	4879304.554398269
315754.5201007903	4879319.29522332
315751.74396702426	4879334.036050222
315748.96784839756	4879348.776878977
315746.1917449095	4879363.517709584
315743.4156565601	4879378.258542044
315740.6395833494	4879392.999376357
315737.8635252775	4879407.74021252
315735.0874823443	4879422.481050536
315732.31145455	4879437.221890405
315729.5354418935	4879451.962732124
315726.7594443781	4879466.703575699
315723.9834620005	4879481.444421124
315721.207494761	4879496.185268402
315718.43154266267	4879510.926117529
315715.6556057024	4879525.666968513
315712.87968388037	4879540.407821346
315710.1037771985	4879555.148676034
315707.32788565697	4879569.889532571
315704.55200925283	4879584.630390963
315701.776147989	4879599.371251207
315699.0003018656	4879614.112113302
315696.2244708797	4879628.85297725
315693.4486550344	4879643.593843049
315690.67285432864	4879658.3347107
315687.89706876257	4879673.075580205
315685.1212983361	4879687.816451561
315682.3455430494	4879702.55732477
315679.5698029025	4879717.29819983
315676.79407789535	4879732.039076742
315674.0183680282	4879746.779955506
315671.2426733	4879761.520836125
315668.4669937137	4879776.261718594
315665.6913292665	4879791.002602914
315662.91567995836	4879805.743489088
315660.14004579233	4879820.484377113
315657.3644267656	4879835.225266991
315654.58882287797	4879849.966158722
315651.81323413167	4879864.7070523035
315649.0376605267	4879879.447947737
315646.26210206014	4879894.1888450235
315643.486558735	4879908.929744163
315640.71103055135	4879923.670645152
315637.9355175062	4879938.411547995
315635.16001960274	4879953.15245269
315632.38453683874	4879967.893359237
315629.6090692176	4879982.634267636
315626.8336167361	4879997.375177886
315833.1164772697	4878983.032257895
315830.33999628585	4878997.773038172
315827.56353043823	4879012.513820303
315824.7870797288	4879027.254604284
315822.0106441546	4879041.995390121
315819.23422371875	4879056.736177807
315816.45781842136	4879071.476967346
315813.6814282604	4879086.2177587375
315810.9050532379	4879100.958551983
315808.1286933518	4879115.69934708
315805.3523486045	4879130.4401440285
315802.57601899374	4879145.18094283
315799.79970452155	4879159.921743482
315797.02340518625	4879174.662545988
315794.2471209896	4879189.403350348
315791.4708519289	4879204.1441565575
315788.694598007	4879218.884964621
315785.9183592241	4879233.625774536
315783.1421355781	4879248.366586303
315780.3659270712	4879263.107399923
315777.5897337013	4879277.848215394
315774.81355547067	4879292.58903272
315772.03739237704	4879307.3298518965
315769.26124442276	4879322.070672926
315766.4851116057	4879336.811495807
315763.70899392804	4879351.552320541
315760.93289138674	4879366.293147124
315758.1568039848	4879381.033975563
315755.38073172234	4879395.774805853
315752.6046745975	4879410.515637996
315749.82863261225	4879425.256471991
315747.0526057645	4879439.997307838
315744.2765940565	4879454.738145537
315741.5005974863	4879469.478985089
315738.7246160557	4879484.219826492
315735.948649763	4879498.960669748
315733.1726986103	4879513.701514856
315730.39676259435	4879528.442361816
315727.62084171956	4879543.183210629
315724.84493598266	4879557.924061294
315722.0690453849	4879572.66491381
315719.29316992726	4879587.405768179
315716.5173096078	4879602.146624399
315713.7414644285	4879616.887482474
315710.9656343875	4879631.628342398
315708.18981948687	4879646.3692041775
315705.4140197246	4879661.110067805
315702.63823510177	4879675.850933289
315699.86246561835	4879690.591800622
315697.08671127557	4879705.33266981
315694.31097207125	4879720.073540848
315691.5352480076	4879734.814413738
315688.75953908265	4879749.555288481
315685.9838452974	4879764.296165076
315683.20816665306	4879779.037043523
315680.4325031473	4879793.777923822
315677.6568547826	4879808.518805974
315674.88122155675	4879823.2596899755
315672.10560347093	4879838.000575832
315669.33000052505	4879852.74146354
315666.55441272026	4879867.482353101
315663.77884005464	4879882.223244511
315661.0032825302	4879896.964137775
315658.22774014494	4879911.705032891
315655.4522129011	4879926.445929859
315652.67670079635	4879941.1868286785
315649.9012038321	4879955.927729351
315647.1257220093	4879970.668631875
315644.3502553259	4879985.409536251
315641.5748037831	4880000.15044248
315847.85759801324	4878985.807799603
315845.0811179823	4879000.54857586
315842.3046530882	4879015.289353969
315839.52820333024	4879030.03013393
315836.7517687114	4879044.770915745
315833.9753492275	4879059.511699411
315831.1989448819	4879074.252484929
315828.4225556734	4879088.9932723
315825.6461816023	4879103.734061523
315822.8698226685	4879118.474852599
315820.0934788721	4879133.215645527
315817.31715021306	4879147.956440307
315814.5408366914	4879162.697236938
315811.7645383064	4879177.438035424
315808.9882550599	4879192.178835761
315806.2119869521	4879206.91963795
315803.43573397986	4879221.660441994
315800.65949614637	4879236.401247886
315797.8832734508	4879251.1420556335
315795.10706589284	4879265.882865231
315792.33087347285	4879280.623676682
315789.55469619075	4879295.364489985
315786.7785340466	4879310.105305141
315784.0023870405	4879324.8461221475
315781.22625517147	4879339.5869410075
315778.4501384415	4879354.32776172
315775.6740368508	4879369.068584284
315772.89795039623	4879383.8094087
315770.121879081	4879398.55023497
315767.345822904	4879413.29106309
315764.5697818655	4879428.031893062
315761.79375596537	4879442.772724887
315759.01774520264	4879457.513558566
315756.2417495805	4879472.254394096
315753.4657690958	4879486.995231477
315750.68980374886	4879501.73607071
315747.91385354154	4879516.476911796
315745.13791847404	4879531.2177547375
315742.36199854314	4879545.958599527
315739.58609375206	4879560.69944617
315736.8102040989	4879575.440294664
315734.0343295867	4879590.181145013
315731.25847021246	4879604.92199721
315728.48262597615	4879619.662851263
315725.7067968809	4879634.403707166
315722.93098292383	4879649.144564922
315720.1551841049	4879663.88542453
315717.3794004263	4879678.62628599
315714.6036318879	4879693.367149304
315711.8278784867	4879708.108014466
315709.052140226	4879722.848881483
315706.2764171036	4879737.589750351
315703.5007091228	4879752.330621072
315700.7250162804	4879767.071493644
315697.94933857664	4879781.81236807
315695.1736760145	4879796.553244347
315692.39802859095	4879811.294122476
315689.62239630625	4879826.035002456
315686.8467791622	4879840.77588429
315684.0711771579	4879855.516767975
315681.2955902936	4879870.257653513
315678.5200185692	4879884.998540902
315675.7444619837	4879899.7394301435
315672.96892054024	4879914.480321236
315670.1933942358	4879929.221214183
315667.41788307054	4879943.96210898
315664.6423870474	4879958.703005631
315661.8669061635	4879973.443904132
315659.09144041885	4879988.184804484
315656.3159898156	4880002.92570669
315862.59871774225	4878988.583340928
315859.8222386639	4879003.324113164
315857.04577472346	4879018.064887252
315854.26932591875	4879032.805663194
315851.4928922509	4879047.546440988
315848.71647372097	4879062.287220633
315845.940070327	4879077.028002131
315843.1636820711	4879091.76878548
315840.3873089511	4879106.5095706815
315837.6109509694	4879121.250357736
315834.8346081237	4879135.991146643
315832.05828041735	4879150.731937404
315829.2819678461	4879165.472730014
315826.5056704123	4879180.213524478
315823.72938811686	4879194.954320794
315820.9531209577	4879209.695118961
315818.1768689371	4879224.435918982
315815.400632053	4879239.176720854
315812.6244103074	4879253.917524578
315809.84820369846	4879268.6583301565
315807.07201222813	4879283.399137586
315804.2958358956	4879298.139946869
315801.51967469975	4879312.8807580015
315798.7435286427	4879327.621570988
315795.96739772253	4879342.362385826
315793.19128194125	4879357.103202516
315790.41518129705	4879371.8440210605
315787.6390957917	4879386.584841455
315784.8630254235	4879401.325663702
315782.08697019436	4879416.0664878
315779.31093010237	4879430.807313751
315776.5349051506	4879445.548141556
315773.75889533514	4879460.288971212
315770.9829006579	4879475.02980272
315768.20692112006	4879489.770636081
315765.4309567197	4879504.511471293
315762.65500745864	4879519.2523083575
315759.8790733352	4879533.9931472745
315757.10315435124	4879548.733988043
315754.327250505	4879563.474830664
315751.5513617983	4879578.215675138
315748.77548822935	4879592.956521463
315745.99962979916	4879607.69736964
315743.2237865097	4879622.438219669
315740.44795835717	4879637.17907155
315737.6721453446	4879651.9199252855
315734.89634746994	4879666.66078087
315732.12056473526	4879681.4016383095
315729.3447971386	4879696.142497599
315726.5690446821	4879710.88335874
315723.79330736375	4879725.624221736
315721.0175851857	4879740.3650865825
315718.2418781468	4879755.105953282
315715.4661862462	4879769.8468218325
315712.6905094859	4879784.587692235
315709.91484786413	4879799.328564489
315707.1392013827	4879814.069438596
315704.3635700398	4879828.810314554
315701.58795383753	4879843.551192365
315698.81235277373	4879858.292072028
315696.03676685074	4879873.032953544
315693.26119606633	4879887.77383691
315690.48564042174	4879902.514722129
315687.710099919	4879917.2556091985
315684.934574554	4879931.996498123
315682.1590643299	4879946.737388899
315679.3835692449	4879961.478281525
315676.6080893008	4879976.219176006
315673.8326244957	4879990.960072337
315671.05717483186	4880005.700970519
315880.11632971594	4878976.618115509
315877.3398364547	4878991.358881871
315874.5633583311	4879006.099650088
315871.786895343	4879020.840420154
315869.0104474914	4879035.581192073
315866.2340147776	4879050.321965846
315863.45759719936	4879065.0627414705
315860.681194759	4879079.803518947
315857.9048074543	4879094.544298277
315855.1284352866	4879109.285079457
315852.3520782568	4879124.025862492
315849.57573636173	4879138.766647377
315846.79940960486	4879153.507434116
315844.02309798595	4879168.248222706
315841.2468015031	4879182.989013148
315838.4705201575	4879197.729805443
315835.6942539501	4879212.470599589
315832.9180028789	4879227.21139559
315830.14176694595	4879241.95219344
315827.36554614943	4879256.692993144
315824.5893404903	4879271.433794701
315821.8131499696	4879286.174598108
315819.0369745854	4879300.915403369
315816.2608143387	4879315.65621048
315813.48466923065	4879330.397019445
315810.7085392582	4879345.137830261
315807.9324244245	4879359.878642932
315805.1563247295	4879374.619457453
315802.38024017133	4879389.360273827
315799.6041707521	4879404.101092052
315796.8281164696	4879418.84191213
315794.0520773251	4879433.58273406
315791.2760533196	4879448.323557842
315788.50004445115	4879463.064383475
315785.7240507208	4879477.805210961
315782.9480721296	4879492.546040301
315780.1721086756	4879507.286871491
315777.3961603609	4879522.027704534
315774.62022718345	4879536.76853943
315771.84430914326	4879551.509376177
315769.0684062436	4879566.250214775
315766.29251848126	4879580.991055227
315763.5166458575	4879595.73189753
315760.74078837316	4879610.472741687
315757.9649460266	4879625.213587694
315755.18911881855	4879639.954435554
315752.41330675024	4879654.695285264
315749.6375098197	4879669.43613683
315746.861728029	4879684.1769902455
315744.0859613761	4879698.917845514
315741.310209862	4879713.658702634
315738.534473488	4879728.399561605
315735.75875225186	4879743.140422431
315732.9830461537	4879757.881285107
315730.2073551967	4879772.622149634
315727.431679378	4879787.363016015
315724.65601869934	4879802.103884248
315721.88037315896	4879816.844754332
315719.10474275786	4879831.58562627
315716.32912749716	4879846.326500058
315713.55352737487	4879861.067375698
315710.7779423919	4879875.808253191
315708.00237254956	4879890.549132536
315705.22681784566	4879905.290013732
315702.4512782813	4879920.030896781
315699.67575385777	4879934.771781683
315696.9002445728	4879949.5126684345
315694.1247504286	4879964.2535570385
315691.34927142214	4879978.994447497
315688.57380755653	4879993.735339805
315685.7983588319	4880008.476233967
