-71.30385994115997	44.040929035007764
-71.30389977514061	44.041060941838694
-71.30393960912123	44.04119284866962
-71.30397944310187	44.04132475550055
-71.30401927708249	44.04145666233148
-71.30405911106311	44.0415885691624
-71.30409894504375	44.04172047599333
-71.30413877902437	44.04185238282425
-71.30417861300499	44.04198428965518
-71.30421844698563	44.04211619648611
-71.30425828096625	44.042248103317036
-71.30429811494687	44.042380010147966
-71.30433794892751	44.04251191697889
-71.30437778290813	44.04264382380982
-71.30441761688877	44.04277573064075
-71.30445745086939	44.04290763747167
-71.30449728485002	44.0430395443026
-71.30453711883065	44.04317145113353
-71.30457695281127	44.043303357964454
-71.3046167867919	44.043435264795384
-71.30465662077253	44.04356717162631
-71.30469645475316	44.04369907845724
-71.30473628873378	44.04383098528817
-71.30477612271442	44.04396289211909
-71.30481595669504	44.04409479895002
-71.30485579067567	44.04422670578094
-71.3048956246563	44.04435861261187
-71.30493545863692	44.0444905194428
-71.30497529261756	44.044622426273726
-71.30501512659818	44.044754333104656
-71.3050549605788	44.044886239935586
-71.30509479455944	44.04501814676651
-71.30513462854006	44.04515005359744
-71.30517446252068	44.04528196042836
-71.30521429650132	44.04541386725929
-71.30525413048194	44.04554577409022
-71.30529396446258	44.045677680921145
-71.3053337984432	44.045809587752075
-71.30537363242382	44.045941494583
-71.30541346640446	44.04607340141393
-71.30545330038508	44.04620530824486
-71.3054931343657	44.04633721507578
-71.30553296834634	44.04646912190671
-71.30557280232696	44.04660102873764
-71.30561263630759	44.04673293556856
-71.30565247028822	44.04686484239949
-71.30569230426885	44.046996749230416
-71.30573213824948	44.047128656061346
-71.3057719722301	44.047260562892276
-71.30581180621073	44.0473924697232
-71.30585164019136	44.04752437655413
-71.30589147417199	44.04765628338506
-71.30593130815261	44.04778819021598
-71.30597114213325	44.04792009704691
-71.30601097611387	44.048052003877835
-71.30605081009449	44.048183910708765
-71.30609064407513	44.048315817539695
-71.30613047805575	44.04844772437062
-71.30617031203639	44.04857963120155
-71.30621014601701	44.04871153803247
-71.30624997999763	44.0488434448634
-71.30628981397827	44.04897535169433
-71.30632964795889	44.049107258525254
-71.30636948193951	44.049239165356184
-71.30640931592015	44.049371072187114
-71.30644914990077	44.04950297901804
-71.30648898388141	44.04963488584897
-71.30652881786203	44.04976679267989
-71.30656865184265	44.04989869951082
-71.30660848582329	44.05003060634175
-71.30367708258267	44.040957763692546
-71.30371691616864	44.04108967055922
-71.30375674975461	44.04122157742589
-71.30379658334058	44.04135348429255
-71.30383641692657	44.04148539115922
-71.30387625051254	44.04161729802589
-71.30391608409852	44.041749204892554
-71.30395591768449	44.041881111759224
-71.30399575127046	44.042013018625894
-71.30403558485644	44.04214492549256
-71.30407541844242	44.04227683235923
-71.3041152520284	44.0424087392259
-71.30415508561437	44.04254064609256
-71.30419491920034	44.04267255295923
-71.30423475278631	44.0428044598259
-71.30427458637229	44.042936366692565
-71.30431441995827	44.043068273559236
-71.30435425354425	44.0432001804259
-71.30439408713022	44.04333208729257
-71.30443392071619	44.04346399415924
-71.30447375430217	44.0435959010259
-71.30451358788814	44.04372780789257
-71.30455342147413	44.04385971475924
-71.3045932550601	44.043991621625906
-71.30463308864607	44.04412352849258
-71.30467292223204	44.04425543535925
-71.30471275581802	44.04438734222591
-71.30475258940399	44.04451924909258
-71.30479242298998	44.04465115595925
-71.30483225657595	44.044783062825914
-71.30487209016192	44.044914969692584
-71.3049119237479	44.045046876559255
-71.30495175733387	44.04517878342592
-71.30499159091984	44.04531069029259
-71.30503142450583	44.04544259715926
-71.3050712580918	44.04557450402592
-71.30511109167777	44.04570641089259
-71.30515092526375	44.045838317759255
-71.30519075884972	44.045970224625925
-71.30523059243569	44.046102131492596
-71.30527042602168	44.04623403835926
-71.30531025960765	44.04636594522593
-71.30535009319362	44.0464978520926
-71.3053899267796	44.04662975895926
-71.30542976036557	44.04676166582593
-71.30546959395156	44.0468935726926
-71.30550942753753	44.04702547955927
-71.3055492611235	44.04715738642594
-71.30558909470948	44.04728929329261
-71.30562892829545	44.04742120015927
-71.30566876188142	44.04755310702594
-71.30570859546741	44.04768501389261
-71.30574842905338	44.047816920759274
-71.30578826263935	44.047948827625945
-71.30582809622533	44.048080734492615
-71.3058679298113	44.04821264135928
-71.30590776339727	44.04834454822595
-71.30594759698326	44.04847645509261
-71.30598743056923	44.04860836195928
-71.3060272641552	44.04874026882595
-71.30606709774118	44.048872175692615
-71.30610693132715	44.049004082559286
-71.30614676491312	44.049135989425956
-71.30618659849911	44.04926789629262
-71.30622643208508	44.04939980315929
-71.30626626567106	44.04953171002596
-71.30630609925703	44.04966361689262
-71.306345932843	44.04979552375929
-71.30638576642897	44.049927430625964
-71.30642560001496	44.05005933749263
-71.30345439063773	44.04085458518207
-71.30349422382905	44.04098649208448
-71.30353405702037	44.04111839898688
-71.3035738902117	44.04125030588929
-71.30361372340302	44.041382212791696
-71.30365355659434	44.04151411969411
-71.30369338978565	44.04164602659651
-71.30373322297697	44.04177793349892
-71.3037730561683	44.041909840401324
-71.30381288935962	44.042041747303735
-71.30385272255094	44.04217365420614
-71.30389255574227	44.04230556110855
-71.30393238893359	44.04243746801095
-71.30397222212491	44.04256937491336
-71.30401205531622	44.042701281815766
-71.30405188850754	44.04283318871818
-71.30409172169887	44.04296509562058
-71.30413155489019	44.04309700252299
-71.30417138808151	44.043228909425395
-71.30421122127284	44.043360816327805
-71.30425105446416	44.04349272323021
-71.30429088765548	44.04362463013262
-71.30433072084679	44.04375653703502
-71.30437055403812	44.04388844393743
-71.30441038722944	44.04402035083984
-71.30445022042076	44.04415225774225
-71.30449005361208	44.04428416464465
-71.30452988680341	44.04441607154706
-71.30456971999473	44.044547978449465
-71.30460955318605	44.044679885351876
-71.30464938637736	44.04481179225428
-71.30468921956869	44.04494369915669
-71.30472905276001	44.04507560605909
-71.30476888595133	44.045207512961504
-71.30480871914266	44.04533941986391
-71.30484855233398	44.04547132676632
-71.3048883855253	44.04560323366873
-71.30492821871663	44.04573514057113
-71.30496805190793	44.04586704747354
-71.30500788509926	44.045998954375946
-71.30504771829058	44.04613086127836
-71.3050875514819	44.04626276818076
-71.30512738467323	44.04639467508317
-71.30516721786455	44.046526581985574
-71.30520705105587	44.046658488887985
-71.3052468842472	44.04679039579039
-71.3052867174385	44.0469223026928
-71.30532655062983	44.0470542095952
-71.30536638382115	44.04718611649761
-71.30540621701248	44.04731802340002
-71.3054460502038	44.04744993030243
-71.30548588339512	44.04758183720483
-71.30552571658644	44.04771374410724
-71.30556554977777	44.047845651009645
-71.30560538296908	44.047977557912056
-71.3056452161604	44.04810946481446
-71.30568504935172	44.04824137171687
-71.30572488254305	44.04837327861927
-71.30576471573437	44.048505185521684
-71.30580454892569	44.04863709242409
-71.30584438211702	44.0487689993265
-71.30588421530832	44.0489009062289
-71.30592404849965	44.04903281313131
-71.30596388169097	44.049164720033716
-71.3060037148823	44.049296626936126
-71.30604354807362	44.04942853383853
-71.30608338126494	44.04956044074094
-71.30612321445626	44.049692347643344
-71.30616304764759	44.049824254545754
-71.3062028808389	44.04995616144816
-71.30327153210246	44.040883313245395
-71.30331136489912	44.04101522018354
-71.30335119769579	44.04114712712169
-71.30339103049245	44.04127903405983
-71.30343086328912	44.04141094099798
-71.30347069608578	44.04154284793612
-71.30351052888246	44.041674754874265
-71.30355036167911	44.04180666181241
-71.30359019447577	44.04193856875056
-71.30363002727245	44.0420704756887
-71.3036698600691	44.04220238262685
-71.30370969286578	44.04233428956499
-71.30374952566244	44.042466196503135
-71.30378935845911	44.04259810344128
-71.30382919125577	44.04273001037943
-71.30386902405245	44.04286191731757
-71.3039088568491	44.04299382425572
-71.30394868964578	44.04312573119386
-71.30398852244244	44.043257638132005
-71.30402835523911	44.043389545070156
-71.30406818803577	44.0435214520083
-71.30410802083244	44.04365335894644
-71.3041478536291	44.04378526588459
-71.30418768642578	44.04391717282273
-71.30422751922244	44.044049079760875
-71.30426735201911	44.044180986699025
-71.30430718481577	44.04431289363717
-71.30434701761244	44.04444480057531
-71.3043868504091	44.04457670751346
-71.30442668320578	44.0447086144516
-71.30446651600244	44.044840521389744
-71.30450634879911	44.044972428327895
-71.30454618159577	44.04510433526604
-71.30458601439243	44.04523624220418
-71.3046258471891	44.04536814914233
-71.30466567998576	44.04550005608047
-71.30470551278243	44.045631963018614
-71.3047453455791	44.045763869956765
-71.30478517837577	44.04589577689491
-71.30482501117243	44.04602768383305
-71.3048648439691	44.0461595907712
-71.30490467676576	44.04629149770934
-71.30494450956243	44.046423404647484
-71.30498434235909	44.046555311585635
-71.30502417515576	44.04668721852378
-71.30506400795242	44.04681912546192
-71.3051038407491	44.04695103240007
-71.30514367354576	44.04708293933821
-71.30518350634243	44.047214846276354
-71.30522333913909	44.047346753214505
-71.30526317193576	44.04747866015265
-71.30530300473242	44.04761056709079
-71.3053428375291	44.04774247402894
-71.30538267032576	44.04787438096708
-71.30542250312243	44.048006287905224
-71.30546233591909	44.048138194843375
-71.30550216871575	44.04827010178152
-71.30554200151242	44.04840200871966
-71.30558183430908	44.048533915657806
-71.30562166710575	44.04866582259595
-71.30566149990241	44.0487977295341
-71.30570133269909	44.048929636472245
-71.30574116549575	44.04906154341039
-71.30578099829242	44.04919345034853
-71.30582083108908	44.049325357286676
-71.30586066388575	44.04945726422482
-71.30590049668241	44.04958917116297
-71.30594032947909	44.049721078101115
-71.30598016227574	44.04985298503926
-71.30601999507242	44.0499848919774
-71.3030886733909	44.040912041015865
-71.30312850579291	44.04104394798975
-71.30316833819492	44.04117585496363
-71.30320817059693	44.04130776193751
-71.30324800299894	44.041439668911394
-71.30328783540095	44.04157157588528
-71.30332766780295	44.041703482859155
-71.30336750020496	44.04183538983304
-71.30340733260697	44.041967296806924
-71.30344716500898	44.0420992037808
-71.30348699741099	44.042231110754685
-71.303526829813	44.04236301772857
-71.303566662215	44.042494924702446
-71.30360649461701	44.04262683167633
-71.30364632701902	44.042758738650214
-71.30368615942103	44.04289064562409
-71.30372599182304	44.043022552597975
-71.30376582422505	44.04315445957185
-71.30380565662706	44.043286366545736
-71.30384548902907	44.04341827351962
-71.30388532143108	44.0435501804935
-71.30392515383309	44.04368208746738
-71.3039649862351	44.043813994441265
-71.30400481863711	44.04394590141514
-71.30404465103912	44.04407780838903
-71.30408448344113	44.04420971536291
-71.30412431584314	44.04434162233679
-71.30416414824515	44.04447352931067
-71.30420398064716	44.044605436284556
-71.30424381304917	44.04473734325843
-71.30428364545118	44.04486925023232
-71.30432347785319	44.0450011572062
-71.3043633102552	44.04513306418008
-71.30440314265721	44.04526497115396
-71.30444297505922	44.045396878127846
-71.30448280746123	44.04552878510172
-71.30452263986324	44.04566069207561
-71.30456247226525	44.04579259904949
-71.30460230466726	44.04592450602337
-71.30464213706927	44.04605641299725
-71.30468196947128	44.04618831997114
-71.30472180187328	44.046320226945014
-71.3047616342753	44.0464521339189
-71.3048014666773	44.046584040892775
-71.30484129907931	44.04671594786666
-71.30488113148132	44.04684785484054
-71.30492096388333	44.04697976181442
-71.30496079628534	44.047111668788304
-71.30500062868735	44.04724357576219
-71.30504046108936	44.047375482736065
-71.30508029349137	44.04750738970995
-71.30512012589338	44.04763929668383
-71.30515995829539	44.04777120365771
-71.3051997906974	44.047903110631594
-71.30523962309941	44.04803501760548
-71.30527945550142	44.048166924579355
-71.30531928790343	44.04829883155324
-71.30535912030544	44.048430738527124
-71.30539895270745	44.048562645501
-71.30543878510946	44.048694552474885
-71.30547861751147	44.04882645944877
-71.30551844991348	44.048958366422646
-71.30555828231549	44.04909027339653
-71.3055981147175	44.049222180370414
-71.30563794711951	44.04935408734429
-71.30567777952152	44.049485994318175
-71.30571761192351	44.04961790129206
-71.30575744432552	44.049749808265936
-71.30579727672753	44.04988171523982
-71.30583710912954	44.0500136222137
-71.30290581450303	44.04094076849348
-71.30294564651038	44.041072675503095
-71.30298547851774	44.04120458251271
-71.30302531052509	44.04133648952233
-71.30306514253245	44.04146839653195
-71.30310497453979	44.041600303541564
-71.30314480654714	44.04173221055118
-71.3031846385545	44.0418641175608
-71.30322447056184	44.041996024570416
-71.30326430256919	44.04212793158003
-71.30330413457655	44.04225983858965
-71.3033439665839	44.04239174559927
-71.30338379859126	44.042523652608885
-71.3034236305986	44.0426555596185
-71.30346346260595	44.04278746662812
-71.30350329461331	44.04291937363774
-71.30354312662065	44.043051280647354
-71.30358295862801	44.04318318765697
-71.30362279063536	44.04331509466659
-71.3036626226427	44.0434470016762
-71.30370245465006	44.04357890868582
-71.30374228665741	44.043710815695434
-71.30378211866476	44.04384272270505
-71.30382195067212	44.04397462971467
-71.30386178267946	44.044106536724286
-71.30390161468682	44.0442384437339
-71.30394144669417	44.04437035074352
-71.30398127870151	44.04450225775314
-71.30402111070887	44.044634164762755
-71.30406094271622	44.04476607177237
-71.30410077472358	44.04489797878199
-71.30414060673093	44.04502988579161
-71.30418043873827	44.045161792801224
-71.30422027074563	44.04529369981084
-71.30426010275298	44.04542560682046
-71.30429993476034	44.045557513830076
-71.30433976676768	44.04568942083969
-71.30437959877503	44.04582132784931
-71.30441943078239	44.04595323485893
-71.30445926278973	44.046085141868545
-71.30449909479708	44.04621704887816
-71.30453892680444	44.04634895588778
-71.30457875881179	44.0464808628974
-71.30461859081915	44.046612769907014
-71.30465842282649	44.046744676916624
-71.30469825483384	44.04687658392624
-71.3047380868412	44.04700849093586
-71.30477791884854	44.047140397945476
-71.3048177508559	44.047272304955094
-71.30485758286325	44.04740421196471
-71.3048974148706	44.04753611897433
-71.30493724687796	44.047668025983945
-71.3049770788853	44.04779993299356
-71.30501691089265	44.04793184000318
-71.3050567429	44.0480637470128
-71.30509657490735	44.048195654022415
-71.30513640691471	44.04832756103203
-71.30517623892206	44.04845946804165
-71.3052160709294	44.04859137505127
-71.30525590293676	44.048723282060884
-71.30529573494411	44.0488551890705
-71.30533556695147	44.04898709608012
-71.30537539895882	44.049119003089736
-71.30541523096616	44.04925091009935
-71.30545506297352	44.04938281710897
-71.30549489498087	44.04951472411859
-71.30553472698823	44.049646631128205
-71.30557455899557	44.04977853813782
-71.30561439100292	44.04991044514743
-71.30565422301028	44.05004235215705
-71.3026831238262	44.04083758863288
-71.30272295543888	44.04096949567823
-71.30276278705158	44.041101402723584
-71.30280261866427	44.041233309768934
-71.30284245027696	44.041365216814285
-71.30288228188965	44.041497123859635
-71.30292211350235	44.041629030904986
-71.30296194511503	44.041760937950336
-71.30300177672773	44.04189284499569
-71.30304160834042	44.042024752041044
-71.30308143995312	44.042156659086395
-71.3031212715658	44.042288566131745
-71.3031611031785	44.042420473177096
-71.30320093479119	44.042552380222446
-71.30324076640387	44.0426842872678
-71.30328059801657	44.04281619431315
-71.30332042962927	44.0429481013585
-71.30336026124195	44.04308000840385
-71.30340009285464	44.0432119154492
-71.30343992446734	44.04334382249455
-71.30347975608002	44.0434757295399
-71.30351958769272	44.04360763658525
-71.30355941930542	44.04373954363061
-71.30359925091811	44.04387145067596
-71.3036390825308	44.04400335772131
-71.30367891414349	44.04413526476666
-71.30371874575619	44.04426717181201
-71.30375857736887	44.04439907885736
-71.30379840898156	44.04453098590271
-71.30383824059426	44.04466289294806
-71.30387807220694	44.04479479999341
-71.30391790381964	44.04492670703876
-71.30395773543233	44.04505861408411
-71.30399756704502	44.04519052112946
-71.30403739865771	44.04532242817481
-71.30407723027041	44.045454335220164
-71.3041170618831	44.04558624226552
-71.30415689349579	44.04571814931087
-71.30419672510848	44.04585005635622
-71.30423655672118	44.04598196340157
-71.30427638833386	44.04611387044692
-71.30431621994656	44.046245777492274
-71.30435605155925	44.046377684537624
-71.30439588317194	44.046509591582975
-71.30443571478463	44.046641498628325
-71.30447554639733	44.046773405673676
-71.30451537801001	44.046905312719026
-71.3045552096227	44.04703721976438
-71.3045950412354	44.04716912680973
-71.3046348728481	44.047301033855085
-71.30467470446078	44.047432940900435
-71.30471453607348	44.047564847945786
-71.30475436768617	44.04769675499114
-71.30479419929885	44.04782866203649
-71.30483403091155	44.04796056908184
-71.30487386252425	44.04809247612719
-71.30491369413693	44.04822438317254
-71.30495352574962	44.04835629021789
-71.30499335736232	44.04848819726324
-71.305033188975	44.04862010430859
-71.3050730205877	44.04875201135394
-71.3051128522004	44.04888391839929
-71.30515268381309	44.04901582544465
-71.30519251542577	44.04914773249
-71.30523234703847	44.04927963953535
-71.30527217865117	44.0494115465807
-71.30531201026385	44.04954345362605
-71.30535184187654	44.0496753606714
-71.30539167348924	44.04980726771675
-71.30543150510192	44.0499391747621
-71.30547133671462	44.05007108180745
-71.30250026498041	44.04086631548904
-71.30254009619844	44.040998222570124
-71.30257992741647	44.04113012965121
-71.3026197586345	44.04126203673229
-71.30265958985254	44.041393943813375
-71.30269942107057	44.04152585089446
-71.3027392522886	44.04165775797554
-71.30277908350664	44.041789665056626
-71.30281891472465	44.04192157213771
-71.30285874594269	44.042053479218794
-71.30289857716072	44.042185386299884
-71.30293840837875	44.04231729338097
-71.30297823959678	44.04244920046205
-71.30301807081482	44.042581107543135
-71.30305790203285	44.04271301462422
-71.30309773325088	44.0428449217053
-71.30313756446891	44.04297682878639
-71.30317739568694	44.04310873586747
-71.30321722690496	44.043240642948554
-71.303257058123	44.04337255002964
-71.30329688934103	44.04350445711072
-71.30333672055906	44.043636364191805
-71.30337655177709	44.04376827127289
-71.30341638299512	44.04390017835397
-71.30345621421316	44.044032085435056
-71.30349604543119	44.04416399251614
-71.30353587664922	44.04429589959722
-71.30357570786724	44.04442780667831
-71.30361553908527	44.04455971375939
-71.3036553703033	44.044691620840474
-71.30369520152134	44.04482352792156
-71.30373503273937	44.04495543500264
-71.3037748639574	44.045087342083725
-71.30381469517543	44.04521924916481
-71.30385452639347	44.04535115624589
-71.3038943576115	44.04548306332698
-71.30393418882953	44.04561497040806
-71.30397402004755	44.045746877489144
-71.30401385126558	44.04587878457023
-71.30405368248361	44.04601069165131
-71.30409351370164	44.046142598732395
-71.30413334491968	44.04627450581348
-71.30417317613771	44.04640641289456
-71.30421300735574	44.046538319975646
-71.30425283857377	44.04667022705673
-71.3042926697918	44.04680213413781
-71.30433250100982	44.0469340412189
-71.30437233222786	44.04706594829998
-71.30441216344589	44.047197855381064
-71.30445199466392	44.04732976246215
-71.30449182588195	44.04746166954323
-71.30453165709999	44.047593576624315
-71.30457148831802	44.0477254837054
-71.30461131953605	44.04785739078648
-71.30465115075408	44.04798929786757
-71.30469098197212	44.04812120494865
-71.30473081319013	44.048253112029734
-71.30477064440817	44.04838501911082
-71.3048104756262	44.0485169261919
-71.30485030684423	44.048648833272985
-71.30489013806226	44.04878074035407
-71.3049299692803	44.04891264743515
-71.30496980049833	44.049044554516236
-71.30500963171636	44.04917646159732
-71.30504946293439	44.0493083686784
-71.30508929415242	44.04944027575949
-71.30512912537044	44.04957218284057
-71.30516895658847	44.049704089921654
-71.3052087878065	44.04983599700274
-71.30524861902454	44.04996790408382
